# time   center_error   angle_error_deg
1.000000000000000082e-05 2.119168639183044434e-04 2.421564120208838378e-01
2.000000000000000164e-05 2.119243144989013672e-04 2.415690693243935094e-01
3.000000000000000415e-05 2.119354903697967529e-04 2.410575682993138236e-01
4.000000000000000327e-05 2.119429409503936768e-04 2.405636683165562340e-01
5.000000000000000240e-05 2.119392156600952148e-04 2.400753926749085443e-01
6.000000000000000152e-05 2.119466662406921387e-04 2.395907827355808761e-01
7.000000000000000742e-05 2.119466662406921387e-04 2.391030891658968704e-01
8.000000000000000654e-05 2.119392156600952148e-04 2.386119749753759511e-01
9.000000000000000567e-05 2.119280397891998291e-04 2.381187278606759494e-01
1.000000000000000048e-04 2.119317650794982910e-04 2.376217358480351427e-01
1.100000000000000039e-04 2.119317650794982910e-04 2.371232211666083334e-01
1.200000000000000030e-04 2.119503915309906006e-04 2.366211613147519988e-01
1.300000000000000157e-04 2.119615674018859863e-04 2.361135252164161258e-01
1.400000000000000148e-04 2.119615674018859863e-04 2.356021011306589641e-01
1.500000000000000140e-04 2.119690179824829102e-04 2.350840647040589038e-01
1.600000000000000131e-04 2.119727432727813721e-04 2.345597579045883285e-01
1.700000000000000122e-04 2.119764685630798340e-04 2.340373797522057042e-01
1.800000000000000113e-04 2.119801938533782959e-04 2.335086791541225171e-01
1.900000000000000105e-04 2.119913697242736816e-04 2.329799461007942829e-01
2.000000000000000096e-04 2.119988203048706055e-04 2.324477474347824424e-01
2.100000000000000087e-04 2.120099961757659912e-04 2.319117036340969662e-01
2.200000000000000078e-04 2.120323479175567627e-04 2.313685603324150131e-01
2.300000000000000070e-04 2.120472490787506104e-04 2.308203817439730132e-01
2.400000000000000061e-04 2.120435237884521484e-04 2.302651752544563335e-01
2.500000000000000052e-04 2.120286371791735291e-04 2.297093924956562783e-01
2.600000000000000314e-04 2.120472636306658387e-04 2.291522462475039656e-01
2.700000000000000577e-04 2.120435237884521484e-04 2.285963197740047692e-01
2.800000000000000839e-04 2.120696008205413818e-04 2.280366812946145738e-01
2.900000000000001101e-04 2.120807766914367676e-04 2.274741002398092127e-01
3.000000000000001363e-04 2.121143043041229248e-04 2.269072671671859276e-01
3.100000000000001626e-04 2.121292054653167725e-04 2.263365995077151194e-01
3.200000000000001888e-04 2.121292054653167725e-04 2.257652626169072141e-01
3.300000000000002150e-04 2.121441066265106201e-04 2.251956979066775111e-01
3.400000000000002413e-04 2.121664583683013916e-04 2.246271432828939596e-01
3.500000000000002675e-04 2.121739089488983154e-04 2.240546041456351611e-01
3.600000000000002937e-04 2.121850993717089295e-04 2.234714961142889866e-01
3.700000000000003200e-04 2.121962752426043153e-04 2.228888746736372162e-01
3.800000000000003462e-04 2.122111764037981629e-04 2.223050767182397081e-01
3.900000000000003724e-04 2.122223377227783203e-04 2.217105218911413489e-01
4.000000000000003986e-04 2.122260630130767822e-04 2.211196600998463768e-01
4.100000000000004249e-04 2.122409787261858582e-04 2.205229585937640291e-01
4.200000000000004511e-04 2.122484293067827821e-04 2.199234477882070771e-01
4.300000000000004773e-04 2.122596197295933962e-04 2.193286090003852551e-01
4.400000000000005036e-04 2.122782461810857058e-04 2.187342041850517116e-01
4.500000000000005298e-04 2.123043377650901675e-04 2.181391803016441977e-01
4.600000000000005560e-04 2.123155427398160100e-04 2.175418330542367440e-01
4.700000000000005822e-04 2.123192680301144719e-04 2.169443576055528344e-01
4.800000000000006085e-04 2.123267331626266241e-04 2.163510264335878341e-01
4.900000000000006347e-04 2.123454178217798471e-04 2.157650650071116782e-01
5.000000000000006609e-04 2.123528829542919993e-04 2.151773541892532116e-01
5.100000000000006872e-04 2.123901504091918468e-04 2.145873231403938042e-01
5.200000000000007134e-04 2.124199963873252273e-04 2.139956990641843360e-01
5.300000000000007396e-04 2.124498423654586077e-04 2.134038541626994412e-01
5.400000000000007658e-04 2.124871098203584552e-04 2.128090152021480663e-01
5.500000000000007921e-04 2.125132305081933737e-04 2.122131832009644115e-01
5.600000000000008183e-04 2.125282044289633632e-04 2.116138247456178789e-01
5.700000000000008445e-04 2.125654718838632107e-04 2.110152973994630088e-01
5.800000000000008708e-04 2.125990431522950530e-04 2.104317895631825086e-01
5.900000000000008970e-04 2.126326726283878088e-04 2.098379466756805367e-01
6.000000000000009232e-04 2.126848557963967323e-04 2.092556835710133456e-01
6.100000000000009494e-04 2.127259358530864120e-04 2.086725370874989716e-01
6.200000000000009757e-04 2.127745101461187005e-04 2.080935796299629159e-01
6.300000000000010019e-04 2.128118940163403749e-04 2.075229015563510304e-01
6.400000000000010281e-04 2.128492633346468210e-04 2.069562549590380496e-01
6.500000000000010544e-04 2.128940541297197342e-04 2.063743331612967191e-01
6.600000000000010806e-04 2.129389176843687892e-04 2.058042099515426382e-01
6.700000000000011068e-04 2.129837230313569307e-04 2.052248517448800325e-01
6.800000000000011331e-04 2.130323846358805895e-04 2.046564206830250587e-01
6.900000000000011593e-04 2.130698703695088625e-04 2.040906558243599234e-01
7.000000000000011855e-04 2.130886859958991408e-04 2.035151625548352050e-01
7.100000000000012117e-04 2.131334767909720540e-04 2.029381745205103005e-01
7.200000000000012380e-04 2.131672663381323218e-04 2.023741541530486576e-01
7.300000000000012642e-04 2.132047520717605948e-04 2.018171044873500464e-01
7.400000000000012904e-04 2.132311929017305374e-04 2.012568075750129637e-01
7.500000000000013167e-04 2.132835215888917446e-04 2.006964203321876528e-01
7.600000000000013429e-04 2.133286470780149102e-04 2.001607560590137058e-01
7.700000000000013691e-04 2.133811212843284011e-04 1.996110624291120295e-01
7.800000000000013953e-04 2.134261449100449681e-04 1.990768389951969863e-01
7.900000000000014216e-04 2.134675305569544435e-04 1.985562401046686021e-01
8.000000000000014478e-04 2.135199465556070209e-04 1.980245934016324205e-01
8.100000000000014740e-04 2.135615359293296933e-04 1.975076181532855191e-01
8.200000000000015003e-04 2.136140683433040977e-04 1.969809881930015549e-01
8.300000000000015265e-04 2.136443799827247858e-04 1.964596336643072982e-01
8.400000000000015527e-04 2.136931871064007282e-04 1.959364811896920910e-01
8.500000000000015789e-04 2.137237170245498419e-04 1.954296714901209986e-01
8.600000000000016052e-04 2.137690025847405195e-04 1.949325739126312185e-01
8.700000000000016314e-04 2.138293202733621001e-04 1.944658090859722466e-01
8.800000000000016576e-04 2.138670242857187986e-04 1.939649833626631570e-01
8.900000000000016839e-04 2.139162388630211353e-04 1.934712087081488507e-01
9.000000000000017101e-04 2.139692078344523907e-04 1.929984936700344933e-01
9.100000000000017363e-04 2.140403521480038762e-04 1.925017429678966829e-01
9.200000000000017625e-04 2.141043369192630053e-04 1.920284975095813973e-01
9.300000000000017888e-04 2.141498407581821084e-04 1.915812140279140319e-01
9.400000000000018150e-04 2.141992445103824139e-04 1.911184538218153040e-01
9.500000000000018412e-04 2.142371813533827662e-04 1.906683703798123797e-01
9.600000000000018675e-04 2.142977900803089142e-04 1.902400383208960599e-01
9.700000000000018937e-04 2.143323217751458287e-04 1.897836750898250768e-01
9.800000000000019199e-04 2.143851597793400288e-04 1.893313108714494153e-01
9.900000000000019462e-04 2.144201716873794794e-04 1.889176474703316011e-01
1.000000000000001972e-03 2.144546888303011656e-04 1.885025256730258891e-01
1.010000000000001999e-03 2.145078615285456181e-04 1.880852512444680380e-01
1.020000000000002025e-03 2.145613107131794095e-04 1.876734067230078351e-01
1.030000000000002051e-03 2.146372717106714845e-04 1.872831983349325935e-01
1.040000000000002077e-03 2.147088234778493643e-04 1.869002253224093524e-01
1.050000000000002104e-03 2.147507475456222892e-04 1.864956490515539689e-01
1.060000000000002130e-03 2.148011990357190371e-04 1.861102809264753022e-01
1.070000000000002156e-03 2.148289058823138475e-04 1.857225226355324332e-01
1.080000000000002182e-03 2.148795028915628791e-04 1.853907081253773348e-01
1.090000000000002208e-03 2.149073552573099732e-04 1.850436927780961249e-01
1.100000000000002235e-03 2.149613428628072143e-04 1.846850926523210812e-01
1.110000000000002261e-03 2.150186919607222080e-04 1.843548067146849045e-01
1.120000000000002287e-03 2.150693326257169247e-04 1.840210308900028791e-01
1.130000000000002313e-03 2.151124353986233473e-04 1.836914794265364914e-01
1.140000000000002340e-03 2.151670632883906364e-04 1.833953234060423931e-01
1.150000000000002366e-03 2.152065571863204241e-04 1.831049072578515846e-01
1.160000000000002392e-03 2.152424131054431200e-04 1.828055036808820810e-01
1.170000000000002418e-03 2.152642700821161270e-04 1.825497024878572905e-01
1.180000000000002445e-03 2.153104724129661918e-04 1.822933949976121015e-01
1.190000000000002471e-03 2.153412788175046444e-04 1.820228729613671270e-01
1.200000000000002497e-03 2.153954992536455393e-04 1.817538967904822056e-01
1.210000000000002523e-03 2.154462854377925396e-04 1.814822579488842014e-01
1.220000000000002549e-03 2.154995163436979055e-04 1.812426283309449548e-01
1.230000000000002576e-03 2.155342954210937023e-04 1.809833812059873370e-01
1.240000000000002602e-03 2.155839465558528900e-04 1.807500694543605624e-01
1.250000000000002628e-03 2.156428963644430041e-04 1.805477954281278774e-01
1.260000000000002654e-03 2.156860136892646551e-04 1.803120123509855122e-01
1.270000000000002681e-03 2.157327253371477127e-04 1.800880190526226443e-01
1.280000000000002707e-03 2.157936105504631996e-04 1.798505095123222319e-01
1.290000000000002733e-03 2.158271527150645852e-04 1.795913297954553067e-01
1.300000000000002759e-03 2.158807183150202036e-04 1.793806711395481424e-01
1.310000000000002785e-03 2.159243886126205325e-04 1.791863256018828843e-01
1.320000000000002812e-03 2.159458817914128304e-04 1.790093092067340241e-01
1.330000000000002838e-03 2.159626310458406806e-04 1.788151998199995485e-01
1.340000000000002864e-03 2.159949217457324266e-04 1.786773582364069857e-01
1.350000000000002890e-03 2.160404546884819865e-04 1.785220793160208208e-01
1.360000000000002917e-03 2.160683216061443090e-04 1.783909876578836373e-01
1.370000000000002943e-03 2.161091106245294213e-04 1.782008042479531207e-01
1.380000000000002969e-03 2.161696902476251125e-04 1.781091148320617656e-01
1.390000000000002995e-03 2.161985903512686491e-04 1.780326850399976124e-01
1.400000000000003022e-03 2.162383607355877757e-04 1.779453517349905978e-01
1.410000000000003048e-03 2.163008030038326979e-04 1.778284171405803693e-01
1.420000000000003074e-03 2.163416647817939520e-04 1.777507547932302978e-01
1.430000000000003100e-03 2.163814497180283070e-04 1.777256828996189864e-01
1.440000000000003126e-03 2.164222241844981909e-04 1.776888930440447545e-01
1.450000000000003153e-03 2.164568577427417040e-04 1.776678725211082166e-01
1.460000000000003179e-03 2.164873876608908176e-04 1.777205551891332114e-01
1.470000000000003205e-03 2.165277255699038506e-04 1.777610816485758194e-01
1.480000000000003231e-03 2.165941696148365736e-04 1.777624948680505412e-01
1.490000000000003258e-03 2.166526537621393800e-04 1.777272278825787200e-01
1.500000000000003284e-03 2.166892518289387226e-04 1.777399595675513144e-01
1.510000000000003310e-03 2.167183556593954563e-04 1.777655381740751162e-01
1.520000000000003336e-03 2.167579077649861574e-04 1.777352463113103243e-01
1.530000000000003363e-03 2.167870406992733479e-04 1.778035653557227536e-01
1.540000000000003389e-03 2.167902857763692737e-04 1.778131777787185230e-01
1.550000000000003415e-03 2.168267819797620177e-04 1.778105602771679339e-01
1.560000000000003441e-03 2.168702048948034644e-04 1.778388105835161659e-01
1.570000000000003467e-03 2.169286308344453573e-04 1.778529883813172452e-01
1.580000000000003494e-03 2.169319195672869682e-04 1.779383818814242735e-01
1.590000000000003520e-03 2.169644285459071398e-04 1.780200739527720843e-01
1.600000000000003546e-03 2.170035440940409899e-04 1.780702584736002236e-01
1.610000000000003572e-03 2.169906365452334285e-04 1.781646813705411170e-01
1.620000000000003599e-03 2.170232473872601986e-04 1.783082735067014757e-01
1.630000000000003625e-03 2.170620282413437963e-04 1.784506910664797052e-01
1.640000000000003651e-03 2.170941734220832586e-04 1.786185492191505741e-01
1.650000000000003677e-03 2.171159867430105805e-04 1.787745568262992801e-01
1.660000000000003703e-03 2.171421801904216409e-04 1.789660264404187018e-01
1.670000000000003730e-03 2.171626110794022679e-04 1.791669007434660565e-01
1.680000000000003756e-03 2.171971864299848676e-04 1.792932857029599092e-01
1.690000000000003782e-03 2.172506210627034307e-04 1.795403681803757756e-01
1.700000000000003808e-03 2.172526437789201736e-04 1.797387119397769462e-01
1.710000000000003835e-03 2.172781387344002724e-04 1.799512932040373547e-01
1.720000000000003861e-03 2.172982640331611037e-04 1.801054896665229832e-01
1.730000000000003887e-03 2.172895183321088552e-04 1.803014267671091964e-01
1.740000000000003913e-03 2.173155226046219468e-04 1.804986328937148443e-01
1.750000000000003940e-03 2.173514512833207846e-04 1.807286844990794450e-01
1.760000000000003966e-03 2.173721295548602939e-04 1.809805949151605253e-01
1.770000000000003992e-03 2.173846005462110043e-04 1.811927477719873503e-01
1.780000000000004018e-03 2.173763059545308352e-04 1.814694299586050996e-01
1.790000000000004044e-03 2.173803222831338644e-04 1.817502314723922763e-01
1.800000000000004071e-03 2.173721586586907506e-04 1.820339084002958741e-01
1.810000000000004097e-03 2.174075489165261388e-04 1.823228416065588164e-01
1.820000000000004123e-03 2.174109831685200334e-04 1.826159828107578598e-01
1.830000000000004149e-03 2.173990360461175442e-04 1.828971941808209545e-01
1.840000000000004176e-03 2.174063556594774127e-04 1.831685643074044967e-01
1.850000000000004202e-03 2.173849788960069418e-04 1.834719648159687799e-01
1.860000000000004228e-03 2.173857501475140452e-04 1.838132595807118463e-01
1.870000000000004254e-03 2.173669636249542236e-04 1.840647831779106680e-01
1.880000000000004281e-03 2.173599496018141508e-04 1.843626755151565877e-01
1.890000000000004307e-03 2.173562825191766024e-04 1.846313689205704711e-01
1.900000000000004333e-03 2.173346874769777060e-04 1.849806456501943142e-01
1.910000000000004359e-03 2.173001412302255630e-04 1.853134303307197861e-01
1.920000000000004385e-03 2.172401291318237782e-04 1.856517673163474713e-01
1.930000000000004412e-03 2.172188542317599058e-04 1.860421148966975025e-01
1.940000000000004438e-03 2.172064559999853373e-04 1.863789568905860616e-01
1.950000000000004464e-03 2.171659434679895639e-04 1.867329328530099863e-01
1.960000000000004274e-03 2.171521773561835289e-04 1.871112705628809325e-01
1.970000000000004300e-03 2.171124797314405441e-04 1.874308826881493639e-01
1.980000000000004326e-03 2.170710504287853837e-04 1.878168525916286691e-01
1.990000000000004352e-03 2.170877705793827772e-04 1.881791157336371589e-01
2.000000000000004378e-03 2.170881489291787148e-04 1.885703627505198599e-01
2.010000000000000068e-03 2.170710504287853837e-04 1.889305574236129770e-01
2.020000000000000094e-03 2.170249499613419175e-04 1.893301015870671455e-01
2.030000000000000120e-03 2.169764920836314559e-04 1.897468970170100300e-01
2.040000000000000147e-03 2.169377985410392284e-04 1.901638039960664439e-01
2.050000000000000173e-03 2.169314393540844321e-04 1.905560268920971079e-01
2.060000000000000199e-03 2.168976643588393927e-04 1.909646536101023140e-01
2.070000000000000225e-03 2.168735663872212172e-04 1.913379828188333520e-01
2.080000000000000251e-03 2.168663340853527188e-04 1.917198178219770566e-01
2.090000000000000278e-03 2.168543724110350013e-04 1.921416570855810080e-01
2.100000000000000304e-03 2.168182545574381948e-04 1.924984392636646113e-01
2.110000000000000330e-03 2.168219361919909716e-04 1.929146582539163490e-01
2.120000000000000356e-03 2.168088976759463549e-04 1.933362330629987691e-01
2.130000000000000383e-03 2.167703787563368678e-04 1.937651135200487151e-01
2.140000000000000409e-03 2.167348138755187392e-04 1.942177753259990425e-01
2.150000000000000435e-03 2.167097263736650348e-04 1.946484956749138517e-01
2.160000000000000461e-03 2.166782214771956205e-04 1.950855028258098589e-01
2.170000000000000488e-03 2.166342310374602675e-04 1.955130278159924184e-01
2.180000000000000514e-03 2.165959740523248911e-04 1.960038386136630784e-01
2.190000000000000540e-03 2.165705664083361626e-04 1.964643787561068111e-01
2.200000000000000566e-03 2.165238984161987901e-04 1.969421438643456090e-01
2.210000000000000592e-03 2.164646721212193370e-04 1.974290502520065771e-01
2.220000000000000619e-03 2.164336037822067738e-04 1.979683881289016623e-01
2.230000000000000645e-03 2.164164470741525292e-04 1.984505384837567943e-01
2.240000000000000671e-03 2.163727476727217436e-04 1.989503754140516667e-01
2.250000000000000697e-03 2.163243771065026522e-04 1.994713201621035881e-01
2.260000000000000724e-03 2.162625896744430065e-04 1.999257175096727235e-01
2.270000000000000750e-03 2.161831653211265802e-04 2.004729992790512949e-01
2.280000000000000776e-03 2.161214506486430764e-04 2.010067158232404505e-01
2.290000000000000802e-03 2.160480798920616508e-04 2.014732989195314461e-01
2.300000000000000829e-03 2.159797004424035549e-04 2.019865556382116900e-01
2.310000000000000855e-03 2.159282448701560497e-04 2.025182273972696012e-01
2.320000000000000881e-03 2.159154828405007720e-04 2.030794625729769320e-01
2.330000000000000907e-03 2.158588758902624249e-04 2.036024856770674019e-01
2.340000000000000933e-03 2.157779381377622485e-04 2.041261220369272045e-01
2.350000000000000960e-03 2.157120034098625183e-04 2.046432502627280881e-01
2.360000000000000986e-03 2.156869886675849557e-04 2.051765451468395562e-01
2.370000000000001012e-03 2.156206901418045163e-04 2.056845587302110756e-01
2.380000000000001038e-03 2.155303373001515865e-04 2.062355540873486437e-01
2.390000000000001065e-03 2.154569228878244758e-04 2.067798446849301308e-01
2.400000000000001091e-03 2.154074609279632568e-04 2.073661292542416101e-01
2.410000000000001117e-03 2.153633249690756202e-04 2.078744046985640526e-01
2.420000000000001143e-03 2.153196255676448345e-04 2.084250309381646682e-01
2.430000000000001169e-03 2.152593660866841674e-04 2.089415332086675403e-01
2.440000000000001196e-03 2.151621447410434484e-04 2.095119464239101337e-01
2.450000000000001222e-03 2.150715590687468648e-04 2.100945042151489695e-01
2.460000000000001248e-03 2.149885403923690319e-04 2.106910003555762523e-01
2.470000000000001274e-03 2.149312058463692665e-04 2.112496804490282543e-01
2.480000000000001301e-03 2.148532657884061337e-04 2.118503433810857151e-01
2.490000000000001327e-03 2.147654886357486248e-04 2.125388879042456047e-01
2.500000000000001353e-03 2.146914484910666943e-04 2.131573738139841412e-01
2.510000000000001379e-03 2.146082988474518061e-04 2.137889430414954550e-01
2.520000000000001406e-03 2.145376201951876283e-04 2.143982758238576203e-01
2.530000000000001432e-03 2.144537720596417785e-04 2.150237575090838960e-01
2.540000000000001458e-03 2.143345336662605405e-04 2.156240708330441069e-01
2.550000000000001484e-03 2.142392913810908794e-04 2.161814879400573985e-01
2.560000000000001510e-03 2.141420700354501605e-04 2.168219785069337990e-01
2.570000000000001537e-03 2.140599972335621715e-04 2.174399953170440269e-01
2.580000000000001563e-03 2.139429707312956452e-04 2.180847303923024449e-01
2.590000000000001589e-03 2.138478448614478111e-04 2.187227280826127274e-01
2.600000000000001615e-03 2.137488190783187747e-04 2.193486304906771822e-01
2.610000000000001642e-03 2.136444381903856993e-04 2.199291996070554533e-01
2.620000000000001668e-03 2.135250397259369493e-04 2.205738471410257917e-01
2.630000000000001694e-03 2.134389360435307026e-04 2.212180237236997804e-01
2.640000000000001720e-03 2.132993686245754361e-04 2.218894661610313346e-01
2.650000000000001747e-03 2.132311201421543956e-04 2.225424889825791952e-01
2.660000000000001773e-03 2.131120563717558980e-04 2.231976584503831407e-01
2.670000000000001799e-03 2.129881322616711259e-04 2.238970630915829985e-01
2.680000000000001825e-03 2.128995547536760569e-04 2.246211469887316736e-01
2.690000000000001851e-03 2.128011110471561551e-04 2.253173828013508850e-01
2.700000000000001878e-03 2.126675244653597474e-04 2.259586947188029216e-01
2.710000000000001904e-03 2.125581813743337989e-04 2.265684574506524607e-01
2.720000000000001930e-03 2.124527381965890527e-04 2.272303131940408560e-01
2.730000000000001956e-03 2.123473386745899916e-04 2.278779863999910449e-01
2.740000000000001983e-03 2.122163714375346899e-04 2.285983407633581377e-01
2.750000000000002009e-03 2.120665885740891099e-04 2.292418547945468399e-01
2.760000000000002035e-03 2.119211712852120399e-04 2.298677796823773711e-01
2.770000000000002061e-03 2.117866970365867019e-04 2.304723391110972686e-01
2.780000000000002087e-03 2.116561954608187079e-04 2.311518242897211695e-01
2.790000000000002114e-03 2.115202951245009899e-04 2.318024508034229880e-01
2.800000000000002140e-03 2.113763766828924417e-04 2.325135580925012380e-01
2.810000000000002166e-03 2.112008514814078808e-04 2.332366393635001145e-01
2.820000000000002192e-03 2.110603527398779988e-04 2.339385479539410062e-01
2.830000000000002219e-03 2.108907647198066115e-04 2.346447131423448906e-01
2.840000000000002245e-03 2.106987813021987677e-04 2.353108385743822584e-01
2.850000000000002271e-03 2.105014864355325699e-04 2.360083683567118229e-01
2.860000000000002297e-03 2.103621081914752722e-04 2.366902018099042715e-01
2.870000000000002324e-03 2.101694553857669234e-04 2.374406982921694609e-01
2.880000000000002350e-03 2.099952107528224587e-04 2.380882210290610201e-01
2.890000000000002376e-03 2.098089462378993630e-04 2.388217610497130050e-01
2.900000000000002402e-03 2.096220268867909908e-04 2.394742161999200425e-01
2.910000000000002428e-03 2.094642841257154942e-04 2.401342461283686724e-01
2.920000000000002455e-03 2.092704089591279626e-04 2.408898659334108849e-01
2.930000000000002481e-03 2.090580965159460902e-04 2.415273485416370436e-01
2.940000000000002507e-03 2.088843029923737049e-04 2.421943884006829140e-01
2.950000000000002533e-03 2.086927124764770269e-04 2.429380375442972417e-01
2.960000000000002560e-03 2.085157029796391726e-04 2.436803169577385353e-01
2.970000000000002586e-03 2.083772706100717187e-04 2.444381016932823669e-01
2.980000000000002612e-03 2.081437996821478009e-04 2.451884261410114396e-01
2.990000000000002638e-03 2.079280238831415772e-04 2.459366148065467994e-01
3.000000000000002665e-03 2.077478129649534822e-04 2.466330320888811822e-01
3.010000000000002691e-03 2.075495285680517554e-04 2.474009350122353401e-01
3.020000000000002717e-03 2.073913201456889510e-04 2.480861425408952547e-01
3.030000000000002743e-03 2.072057250188663602e-04 2.488533139257951832e-01
3.040000000000002769e-03 2.070097980322316289e-04 2.496742638604951825e-01
3.050000000000002796e-03 2.067747118417173624e-04 2.504633956935798378e-01
3.060000000000002822e-03 2.065814478555694222e-04 2.512789829567977917e-01
3.070000000000002848e-03 2.064108412014320493e-04 2.520405032672369261e-01
3.080000000000002874e-03 2.061828708974644542e-04 2.528588742516797438e-01
3.090000000000002901e-03 2.059710386674851179e-04 2.536855926467362354e-01
3.100000000000002927e-03 2.057544625131413341e-04 2.545373136767267175e-01
3.110000000000002953e-03 2.055439690593630075e-04 2.553968449895690496e-01
3.120000000000002979e-03 2.053167263511568308e-04 2.561450132566487903e-01
3.130000000000003006e-03 2.051050978479906917e-04 2.569873414767777087e-01
3.140000000000003032e-03 2.048642054433003068e-04 2.578655334830837753e-01
3.150000000000003058e-03 2.046164445346221328e-04 2.588050373621771927e-01
3.160000000000003084e-03 2.044521243078634143e-04 2.596346130326149804e-01
3.170000000000003110e-03 2.041970728896558285e-04 2.605361812180864156e-01
3.180000000000003137e-03 2.039519604295492172e-04 2.613986644685610816e-01
3.190000000000003163e-03 2.036849764408543706e-04 2.622815862672254195e-01
3.200000000000003189e-03 2.034251665463671088e-04 2.631545452755983394e-01
3.210000000000003215e-03 2.031549229286611080e-04 2.640262681106199105e-01
3.220000000000003242e-03 2.029277093242853880e-04 2.648530532749272526e-01
3.230000000000003268e-03 2.026415022555738688e-04 2.657066250523082984e-01
3.240000000000003294e-03 2.023825072683393955e-04 2.666155115788639285e-01
3.250000000000003320e-03 2.021306136157363653e-04 2.674902538516537587e-01
3.260000000000003346e-03 2.018678496824577451e-04 2.683422449533752197e-01
3.270000000000003373e-03 2.016100188484415412e-04 2.691863500162348655e-01
3.280000000000003399e-03 2.013257035287097096e-04 2.700778758059033668e-01
3.290000000000003425e-03 2.010317839449271560e-04 2.709794009883099708e-01
3.300000000000003451e-03 2.007303555728867650e-04 2.718410835358228694e-01
3.310000000000003478e-03 2.004386478802189231e-04 2.727118445273188918e-01
3.320000000000003504e-03 2.001157554332166910e-04 2.735625893085364413e-01
3.330000000000003530e-03 1.998280495172366500e-04 2.744168582430526748e-01
3.340000000000003556e-03 1.995440979953855276e-04 2.752553469059222935e-01
3.350000000000003583e-03 1.992824545595794916e-04 2.760946583051288594e-01
3.360000000000003609e-03 1.990287564694881439e-04 2.769236786362413438e-01
3.370000000000003635e-03 1.986983115784823895e-04 2.777750500705132297e-01
3.380000000000003661e-03 1.983645925065502524e-04 2.786636533569609719e-01
3.390000000000003687e-03 1.980061206268146634e-04 2.795187174608017577e-01
3.400000000000003714e-03 1.977411593543365598e-04 2.803038526623706228e-01
3.410000000000003740e-03 1.974854967556893826e-04 2.811293793443181976e-01
3.420000000000003766e-03 1.971857127500697970e-04 2.819817909905441011e-01
3.430000000000003792e-03 1.969214790733531117e-04 2.827707917751515199e-01
3.440000000000003819e-03 1.966109120985493064e-04 2.835574593941164734e-01
3.450000000000003845e-03 1.962631795322522521e-04 2.844167739912017434e-01
3.460000000000003871e-03 1.959776127478107810e-04 2.853003166531977719e-01
3.470000000000003897e-03 1.956851483555510640e-04 2.861608105538663849e-01
3.480000000000003924e-03 1.953880127985030413e-04 2.869227723566428745e-01
3.490000000000003950e-03 1.950581790879368782e-04 2.877479917147462984e-01
3.500000000000003976e-03 1.947042037500068545e-04 2.886646530460968973e-01
3.510000000000004002e-03 1.943923416547477245e-04 2.894854635358015682e-01
3.520000000000004028e-03 1.940726942848414183e-04 2.903252419167623444e-01
3.530000000000004055e-03 1.937592896865680814e-04 2.911793571057524899e-01
3.540000000000004081e-03 1.934286410687491298e-04 2.919323004284147816e-01
3.550000000000004107e-03 1.930785219883546233e-04 2.926696238654711846e-01
3.560000000000004133e-03 1.927335106302052736e-04 2.935107161601475667e-01
3.570000000000004160e-03 1.924277748912572861e-04 2.943206817761727101e-01
3.580000000000004186e-03 1.920672657433897257e-04 2.951162892305986274e-01
3.590000000000004212e-03 1.917197514558210969e-04 2.959278074587609608e-01
3.600000000000004238e-03 1.913372543640434742e-04 2.967229623353060397e-01
3.610000000000004265e-03 1.910010614665225148e-04 2.975505013241506735e-01
3.620000000000004291e-03 1.906887919176369905e-04 2.983669506643299441e-01
3.630000000000004317e-03 1.903259835671633482e-04 2.991473724857052763e-01
3.640000000000004343e-03 1.900505740195512772e-04 2.998530808986849538e-01
3.650000000000004369e-03 1.897632319014519453e-04 3.005876817743248774e-01
3.660000000000004396e-03 1.894915621960535645e-04 3.013200024083895756e-01
3.670000000000004422e-03 1.891926658572629094e-04 3.021117253554574944e-01
3.680000000000004448e-03 1.888742117444053292e-04 3.028876630457918440e-01
3.690000000000004474e-03 1.885359233710914850e-04 3.036691181967633990e-01
3.700000000000004501e-03 1.882316137198358774e-04 3.043955570187532600e-01
3.710000000000004527e-03 1.879547635326161981e-04 3.051403985485073855e-01
3.720000000000004553e-03 1.876775204436853528e-04 3.058629561186659851e-01
3.730000000000004579e-03 1.873722940217703581e-04 3.066561800485693712e-01
3.740000000000004605e-03 1.870808191597461700e-04 3.074152323109781704e-01
3.750000000000004632e-03 1.867401297204196453e-04 3.081511415110686491e-01
3.760000000000004658e-03 1.863834622781723738e-04 3.089473241971474327e-01
3.770000000000004684e-03 1.860875781858339906e-04 3.097523036775341465e-01
3.780000000000004710e-03 1.857274764915928245e-04 3.104678238136306390e-01
3.790000000000004737e-03 1.853915455285459757e-04 3.112770051158951223e-01
3.800000000000004763e-03 1.850712869782000780e-04 3.119686259698665753e-01
3.810000000000004789e-03 1.847642124630510807e-04 3.127177694771081096e-01
3.820000000000004815e-03 1.843976351665332913e-04 3.134625942612863092e-01
3.830000000000004842e-03 1.840699551394209266e-04 3.142967064469840421e-01
3.840000000000004868e-03 1.837707823142409325e-04 3.151227026554793698e-01
3.850000000000004894e-03 1.834488793974742293e-04 3.158522851514691809e-01
3.860000000000004920e-03 1.831276895245537162e-04 3.167399215630019027e-01
3.870000000000004946e-03 1.828545355238020420e-04 3.174839757995153167e-01
3.880000000000004973e-03 1.825518847908824682e-04 3.182822461822665816e-01
3.890000000000004999e-03 1.822366320993751287e-04 3.191182954872230360e-01
3.900000000000005025e-03 1.820383477024734020e-04 3.198018824172648156e-01
3.910000000000004618e-03 1.817458833102136850e-04 3.205874782242182364e-01
3.920000000000004210e-03 1.814451679820194840e-04 3.213484999497859262e-01
3.930000000000003803e-03 1.810963585739955306e-04 3.220777416172370677e-01
3.940000000000003395e-03 1.808267261367291212e-04 3.228282706085369158e-01
3.950000000000002988e-03 1.804648636607453227e-04 3.236938559683587568e-01
3.960000000000002580e-03 1.801628095563501120e-04 3.245099689618843875e-01
3.970000000000002173e-03 1.798616722226142883e-04 3.252840866130836117e-01
3.980000000000001766e-03 1.795551070244982839e-04 3.261308855009719121e-01
3.990000000000001358e-03 1.792102848412469029e-04 3.269076572882919085e-01
4.000000000000000951e-03 1.788771769497543573e-04 3.278073677338597114e-01
4.009999999999999676e-03 1.785874192137271166e-04 3.287277045727224345e-01
4.019999999999999268e-03 1.782650360837578773e-04 3.296254286822442037e-01
4.029999999999998861e-03 1.779711310518905520e-04 3.303902435760578404e-01
4.039999999999998453e-03 1.776405260898172855e-04 3.312933218891019327e-01
4.049999999999998046e-03 1.773628173395991325e-04 3.321616057168307878e-01
4.059999999999997639e-03 1.771287643350660801e-04 3.329863484959644238e-01
4.069999999999997231e-03 1.767598296282812953e-04 3.338862168072951331e-01
4.079999999999996824e-03 1.764505723258480430e-04 3.348008906583315736e-01
4.089999999999996416e-03 1.762014144333079457e-04 3.354898741114912264e-01
4.099999999999996009e-03 1.758829894242808223e-04 3.362767310480500593e-01
4.109999999999995601e-03 1.755233679432421923e-04 3.371856916582036123e-01
4.119999999999995194e-03 1.752141397446393967e-04 3.380743513751593432e-01
4.129999999999994786e-03 1.749965740600600839e-04 3.389312884988164853e-01
4.139999999999994379e-03 1.746914203977212310e-04 3.397859756736907322e-01
4.149999999999993971e-03 1.743557659210637212e-04 3.405623696189641891e-01
4.159999999999993564e-03 1.740489824442192912e-04 3.414297665722572095e-01
4.169999999999993157e-03 1.737596612656489015e-04 3.421753649335531056e-01
4.179999999999992749e-03 1.734679535729810596e-04 3.428944153858010102e-01
4.189999999999992342e-03 1.731596130412071943e-04 3.437798388800988869e-01
4.199999999999991934e-03 1.729608338791877031e-04 3.445348196714652089e-01
4.209999999999991527e-03 1.725786132737994194e-04 3.454230586197954977e-01
4.219999999999991119e-03 1.722367596812546253e-04 3.462625435316055156e-01
4.229999999999990712e-03 1.718383136903867126e-04 3.471003794049836166e-01
4.239999999999990304e-03 1.714915997581556439e-04 3.479830007544519321e-01
4.249999999999989897e-03 1.712389203021302819e-04 3.488010414345761867e-01
4.259999999999989490e-03 1.709468051558360457e-04 3.497545616811710834e-01
4.269999999999989082e-03 1.706430193735286593e-04 3.505847402146803349e-01
4.279999999999988675e-03 1.702876324998214841e-04 3.513578599919110479e-01
4.289999999999988267e-03 1.699338754406198859e-04 3.520461751552922403e-01
4.299999999999987860e-03 1.695921091595664620e-04 3.528699147201024844e-01
4.309999999999987452e-03 1.692419609753414989e-04 3.537220084533490572e-01
4.319999999999987045e-03 1.688982883933931589e-04 3.544878570261046913e-01
4.329999999999986637e-03 1.685552851995453238e-04 3.552377146052628221e-01
4.339999999999986230e-03 1.682414003880694509e-04 3.559352576324653072e-01
4.349999999999985822e-03 1.678729167906567454e-04 3.567340316924486054e-01
4.359999999999985415e-03 1.675332896411418915e-04 3.574444656193361824e-01
4.369999999999985008e-03 1.672484067967161536e-04 3.581414262225066647e-01
4.379999999999984600e-03 1.669950870564207435e-04 3.589879768790241177e-01
4.389999999999984193e-03 1.666280440986156464e-04 3.597228893542740447e-01
4.399999999999983785e-03 1.663814618950709701e-04 3.604613375700351230e-01
4.409999999999983378e-03 1.660034613450989127e-04 3.611952602382083044e-01
4.419999999999982970e-03 1.656297245062887669e-04 3.619079469717089159e-01
4.429999999999982563e-03 1.654282823437824845e-04 3.627301644666124925e-01
4.439999999999982155e-03 1.651176862651482224e-04 3.634438828319483394e-01
4.449999999999981748e-03 1.647808530833572149e-04 3.642679205299000911e-01
4.459999999999981340e-03 1.645052980165928602e-04 3.649090713764043259e-01
4.469999999999980933e-03 1.641591225052252412e-04 3.655228665213151595e-01
4.479999999999980526e-03 1.638903922867029905e-04 3.662547413715582789e-01
4.489999999999980118e-03 1.636295492062345147e-04 3.670407824499459237e-01
4.499999999999979711e-03 1.633757638046517968e-04 3.676496423509684752e-01
4.509999999999979303e-03 1.630606711842119694e-04 3.684310122524896425e-01
4.519999999999978896e-03 1.628911268198862672e-04 3.691837470372815733e-01
4.529999999999978488e-03 1.626482990104705095e-04 3.699429275753091662e-01
4.539999999999978081e-03 1.624712895136326551e-04 3.706852853210096388e-01
4.549999999999977673e-03 1.621596165932714939e-04 3.714431921249571888e-01
4.559999999999977266e-03 1.618780370336025953e-04 3.720881886458369814e-01
4.569999999999976859e-03 1.614823995623737574e-04 3.728207781199119886e-01
4.579999999999976451e-03 1.611869083717465401e-04 3.735610911454090854e-01
4.589999999999976044e-03 1.607827143743634224e-04 3.741556607291361969e-01
4.599999999999975636e-03 1.603698910912498832e-04 3.747218060267835105e-01
4.609999999999975229e-03 1.600065734237432480e-04 3.755325920895914993e-01
4.619999999999974821e-03 1.596348156454041600e-04 3.761912410553566177e-01
4.629999999999974414e-03 1.592854969203472137e-04 3.769043731525021368e-01
4.639999999999974006e-03 1.589760358911007643e-04 3.774215648581987770e-01
4.649999999999973599e-03 1.586246071383357048e-04 3.781376808938666789e-01
4.659999999999973191e-03 1.582942059030756354e-04 3.788093037303959520e-01
4.669999999999972784e-03 1.579805393703281879e-04 3.796173516536596182e-01
4.679999999999972377e-03 1.575849310029298067e-04 3.803748772109422638e-01
4.689999999999971969e-03 1.572292821947485209e-04 3.811419910303850411e-01
4.699999999999971562e-03 1.569517480675131083e-04 3.818629863500472288e-01
4.709999999999971154e-03 1.565735001349821687e-04 3.825563500209209766e-01
4.719999999999970747e-03 1.562955585541203618e-04 3.832831691601731872e-01
4.729999999999970339e-03 1.560341042932122946e-04 3.840232583580593939e-01
4.739999999999969932e-03 1.557539799250662327e-04 3.847453298591727577e-01
4.749999999999969524e-03 1.555693452246487141e-04 3.854716984025259308e-01
4.759999999999969117e-03 1.553975744172930717e-04 3.862608123112448721e-01
4.769999999999968709e-03 1.549631560919806361e-04 3.869973727739888236e-01
4.779999999999968302e-03 1.547259016660973430e-04 3.877932476853671595e-01
4.789999999999967895e-03 1.544751576147973537e-04 3.885089572380522882e-01
4.799999999999967487e-03 1.543273247079923749e-04 3.892431716777487449e-01
4.809999999999967080e-03 1.540805096738040447e-04 3.900566776491712351e-01
4.819999999999966672e-03 1.538407086627557874e-04 3.908420964031089628e-01
4.829999999999966265e-03 1.536444324301555753e-04 3.915828296594633384e-01
4.839999999999965857e-03 1.534238544991239905e-04 3.922828961507089929e-01
4.849999999999965450e-03 1.531565358163788915e-04 3.930252055981154347e-01
4.859999999999965042e-03 1.529327855678275228e-04 3.937650208563567289e-01
4.869999999999964635e-03 1.525892294012010098e-04 3.945089360757262908e-01
4.879999999999964228e-03 1.523411774542182684e-04 3.952488133879412113e-01
4.889999999999963820e-03 1.520987862022593617e-04 3.959632472898708677e-01
4.899999999999963413e-03 1.518429926363751292e-04 3.966940322235265048e-01
4.909999999999963005e-03 1.515607873443514109e-04 3.974152777246721113e-01
4.919999999999962598e-03 1.513151946710422635e-04 3.981436272730863313e-01
4.929999999999962190e-03 1.510779402451589704e-04 3.988631878993613156e-01
4.939999999999961783e-03 1.508419081801548600e-04 3.996028987236062147e-01
4.949999999999961375e-03 1.506021653767675161e-04 4.003436247841114515e-01
4.959999999999960968e-03 1.503834791947156191e-04 4.010927338673732079e-01
4.969999999999960560e-03 1.501675724284723401e-04 4.018232366175134018e-01
4.979999999999960153e-03 1.499386999057605863e-04 4.025612854330784529e-01
4.989999999999959746e-03 1.497167395427823067e-04 4.033051204842231785e-01
4.999999999999959338e-03 1.494755124440416694e-04 4.040375787138669739e-01
5.009999999999958931e-03 1.492679439252242446e-04 4.047709468049252024e-01
5.019999999999958523e-03 1.490582508267834783e-04 4.054984284559726149e-01
5.029999999999958116e-03 1.488611451350152493e-04 4.062382589023230683e-01
5.039999999999957708e-03 1.486354885855689645e-04 4.069861699747390205e-01
5.049999999999957301e-03 1.484240783611312509e-04 4.077422724811248234e-01
5.059999999999956893e-03 1.482181105529889464e-04 4.084905663164651868e-01
5.069999999999956486e-03 1.480623905081301928e-04 4.092203065887711766e-01
5.079999999999956078e-03 1.478934864280745387e-04 4.099577236756158372e-01
5.089999999999955671e-03 1.477249315939843655e-04 4.106914193355852283e-01
5.099999999999955264e-03 1.475516037316992879e-04 4.114170580112231912e-01
5.109999999999954856e-03 1.473863812861964107e-04 4.121521501889290340e-01
5.119999999999954449e-03 1.472318544983863831e-04 4.128699216585487441e-01
5.129999999999954041e-03 1.470846327720209956e-04 4.135590309556690936e-01
5.139999999999953634e-03 1.469013077439740300e-04 4.142438836331795993e-01
5.149999999999953226e-03 1.467364636482670903e-04 4.149308475432731402e-01
5.159999999999952819e-03 1.465791283408179879e-04 4.156263274723784873e-01
5.169999999999952411e-03 1.463998050894588232e-04 4.163272409293026222e-01
5.179999999999952004e-03 1.462019426980987191e-04 4.170193743397974107e-01
5.189999999999951596e-03 1.459993654862046242e-04 4.176835713337537781e-01
5.199999999999951189e-03 1.458315673517063260e-04 4.183459237293877253e-01
5.209999999999950782e-03 1.456903264624997973e-04 4.190219147566593416e-01
5.219999999999950374e-03 1.455084566259756684e-04 4.196957115910095459e-01
5.229999999999949967e-03 1.453376171411946416e-04 4.203725862608663211e-01
5.239999999999949559e-03 1.451808639103546739e-04 4.210539448736373980e-01
5.249999999999949152e-03 1.450244453735649586e-04 4.217249178565720680e-01
5.259999999999948744e-03 1.448904367862269282e-04 4.223935966014203958e-01
5.269999999999948337e-03 1.447735849069431424e-04 4.230668223195551136e-01
5.279999999999947929e-03 1.446454261895269156e-04 4.237340516701585402e-01
5.289999999999947522e-03 1.445521047571673989e-04 4.244088399010486623e-01
5.299999999999947115e-03 1.444700756110250950e-04 4.251072902126847852e-01
5.309999999999946707e-03 1.443906658096238971e-04 4.258039485979178140e-01
5.319999999999946300e-03 1.443003420718014240e-04 4.264927532489475870e-01
5.329999999999945892e-03 1.442123320885002613e-04 4.271705205250576620e-01
5.339999999999945485e-03 1.441361237084493041e-04 4.278555065384557765e-01
5.349999999999945077e-03 1.440446358174085617e-04 4.285375777651422302e-01
5.359999999999944670e-03 1.439400512026622891e-04 4.292012449842608213e-01
5.369999999999944262e-03 1.438390318071469665e-04 4.298572149410578302e-01
5.379999999999943855e-03 1.436992461094632745e-04 4.304940254859778159e-01
5.389999999999943447e-03 1.435533195035532117e-04 4.311392682893245287e-01
5.399999999999943040e-03 1.434026198694482446e-04 4.317725451084779564e-01
5.409999999999942633e-03 1.432407880201935768e-04 4.323855855741219889e-01
5.419999999999942225e-03 1.430845295544713736e-04 4.329976208768885337e-01
5.429999999999941818e-03 1.429033145541325212e-04 4.336119494816277897e-01
5.439999999999941410e-03 1.427481038263067603e-04 4.342240809279663827e-01
5.449999999999941003e-03 1.425933296559378505e-04 4.348654491164725133e-01
5.459999999999940595e-03 1.424272486474364996e-04 4.354966522949315078e-01
5.469999999999940188e-03 1.422480418113991618e-04 4.361198612793246721e-01
5.479999999999939780e-03 1.420793996658176184e-04 4.367293671183292147e-01
5.489999999999939373e-03 1.418735919287428260e-04 4.373389354953400310e-01
5.499999999999938965e-03 1.416666200384497643e-04 4.379639827464681945e-01
5.509999999999938558e-03 1.414595608366653323e-04 4.385745290664666007e-01
5.519999999999938151e-03 1.412120327586308122e-04 4.391664360154908242e-01
5.529999999999937743e-03 1.409797550877556205e-04 4.397559743225298301e-01
5.539999999999937336e-03 1.407097588526085019e-04 4.403253575073274306e-01
5.549999999999936928e-03 1.404555805493146181e-04 4.408831747335488216e-01
5.559999999999936521e-03 1.401851768605411053e-04 4.414439484419094839e-01
5.569999999999936113e-03 1.399183383909985423e-04 4.419990133687412559e-01
5.579999999999935706e-03 1.396161242155358195e-04 4.425619644659666285e-01
5.589999999999935298e-03 1.393334532622247934e-04 4.431135424407969814e-01
5.599999999999934891e-03 1.390567194903269410e-04 4.436572436507827955e-01
5.609999999999934484e-03 1.388255623169243336e-04 4.442102307140117223e-01
5.619999999999934076e-03 1.386017102049663663e-04 4.447648889537199612e-01
5.629999999999933669e-03 1.383723283652216196e-04 4.453141173394903340e-01
5.639999999999933261e-03 1.381201291223987937e-04 4.458548655901351521e-01
5.649999999999932854e-03 1.378732413286343217e-04 4.463914068798637280e-01
5.659999999999932446e-03 1.376083819195628166e-04 4.469378885746500552e-01
5.669999999999932039e-03 1.373235427308827639e-04 4.474852341081928531e-01
5.679999999999931631e-03 1.370593672618269920e-04 4.480168419202333330e-01
5.689999999999931224e-03 1.368057710351422429e-04 4.485248819598244840e-01
5.699999999999930816e-03 1.365489297313615680e-04 4.490161614137763713e-01
5.709999999999930409e-03 1.363186602247878909e-04 4.494950305932987611e-01
5.719999999999930002e-03 1.360633323201909661e-04 4.499673874775184101e-01
5.729999999999929594e-03 1.358246518066152930e-04 4.504514795628767332e-01
5.739999999999929187e-03 1.355602871626615524e-04 4.509331165898953775e-01
5.749999999999928779e-03 1.353323750663548708e-04 4.514165342223681598e-01
5.759999999999928372e-03 1.351388928014785051e-04 4.518841419231892087e-01
5.769999999999927964e-03 1.349489903077483177e-04 4.523254800151634836e-01
5.779999999999927557e-03 1.347403449472039938e-04 4.527658156953445756e-01
5.789999999999927149e-03 1.345450291410088539e-04 4.532094170895873964e-01
5.799999999999926742e-03 1.343514013569802046e-04 4.536317502974140381e-01
5.809999999999926334e-03 1.341494062216952443e-04 4.540661334945845229e-01
5.819999999999925927e-03 1.339417212875559926e-04 4.544955889174438490e-01
5.829999999999925520e-03 1.337592548225075006e-04 4.549154283186657155e-01
5.839999999999925112e-03 1.335633714916184545e-04 4.553431605229558143e-01
5.849999999999924705e-03 1.333350810455158353e-04 4.557613309747354791e-01
5.859999999999924297e-03 1.331354142166674137e-04 4.561666837067432922e-01
5.869999999999923890e-03 1.329273654846474528e-04 4.565610771149899993e-01
5.879999999999923482e-03 1.327412755927070975e-04 4.569612985644469494e-01
5.889999999999923075e-03 1.325203484157100320e-04 4.573452832123623413e-01
5.899999999999922667e-03 1.322845637332648039e-04 4.577280799732488803e-01
5.909999999999922260e-03 1.320740266237407923e-04 4.581065362378693440e-01
5.919999999999921853e-03 1.318921858910471201e-04 4.585031327464321182e-01
5.929999999999921445e-03 1.317085261689499021e-04 4.588988445283240791e-01
5.939999999999921038e-03 1.314969849772751331e-04 4.592753163534633032e-01
5.949999999999920630e-03 1.312806416535750031e-04 4.596388037083981581e-01
5.959999999999920223e-03 1.311109372181817889e-04 4.600256332019758143e-01
5.969999999999919815e-03 1.309331855736672878e-04 4.604028159151341559e-01
5.979999999999919408e-03 1.307328057009726763e-04 4.607759510590994090e-01
5.989999999999919000e-03 1.305668120039626956e-04 4.611376717988192042e-01
5.999999999999918593e-03 1.303708413615822792e-04 4.614862037283289364e-01
6.009999999999999717e-03 1.307520287809893489e-04 4.634013322065162477e-01
6.019999999999999310e-03 1.305381447309628129e-04 4.637219895396395009e-01
6.029999999999998903e-03 1.303387543885037303e-04 4.640369585626418214e-01
6.039999999999998495e-03 1.301558804698288441e-04 4.643384010434516429e-01
6.049999999999998088e-03 1.299983996432274580e-04 4.646404017027406796e-01
6.059999999999997680e-03 1.298371498705819249e-04 4.649354374137978918e-01
6.069999999999997273e-03 1.296898553846403956e-04 4.652161998870874005e-01
6.079999999999996865e-03 1.295582624152302742e-04 4.655121048507299131e-01
6.089999999999996458e-03 1.294369139941409230e-04 4.657953579259259680e-01
6.099999999999996050e-03 1.293150999117642641e-04 4.660795477855247393e-01
6.109999999999995643e-03 1.291866356041282415e-04 4.663712789433135386e-01
6.119999999999995235e-03 1.290301879635080695e-04 4.666541002323822962e-01
6.129999999999994828e-03 1.288632192881777883e-04 4.669456236469591848e-01
6.139999999999994421e-03 1.287233462790027261e-04 4.672455749928213775e-01
6.149999999999994013e-03 1.286019542021676898e-04 4.675590013099025777e-01
6.159999999999993606e-03 1.284624158870428801e-04 4.678695439018871194e-01
6.169999999999993198e-03 1.283276942558586597e-04 4.681903821670972965e-01
6.179999999999992791e-03 1.281883014598861337e-04 4.685081206952691479e-01
6.189999999999992383e-03 1.280396390939131379e-04 4.688354452609082013e-01
6.199999999999991976e-03 1.278862328035756946e-04 4.691494056134346002e-01
6.209999999999991568e-03 1.277437258977442980e-04 4.694647947636685359e-01
6.219999999999991161e-03 1.275570539291948080e-04 4.697881279070632576e-01
6.229999999999990754e-03 1.273996458621695638e-04 4.701053876601464232e-01
6.239999999999990346e-03 1.272237277589738369e-04 4.704216522134141432e-01
6.249999999999989939e-03 1.271073706448078156e-04 4.707290416678905354e-01
6.259999999999989531e-03 1.269844942726194859e-04 4.710236656916965137e-01
6.269999999999989124e-03 1.268612977582961321e-04 4.713211026844720264e-01
6.279999999999988716e-03 1.267078041564673185e-04 4.716141176561452486e-01
6.289999999999988309e-03 1.265524770133197308e-04 4.719017330356879425e-01
6.299999999999987901e-03 1.263819431187584996e-04 4.721818714953540108e-01
6.309999999999987494e-03 1.262565201614052057e-04 4.724598674824755373e-01
6.319999999999987086e-03 1.261233119294047356e-04 4.727460413842630160e-01
6.329999999999986679e-03 1.260232966160401702e-04 4.730350805405528214e-01
6.339999999999986272e-03 1.259393029613420367e-04 4.733187433420991130e-01
6.349999999999985864e-03 1.258580596186220646e-04 4.735966245150673992e-01
6.359999999999985457e-03 1.257599069504067302e-04 4.738731368508288244e-01
6.369999999999985049e-03 1.256440737051889300e-04 4.741411561829818044e-01
6.379999999999984642e-03 1.255403039976954460e-04 4.744119888306512212e-01
6.389999999999984234e-03 1.254550588782876730e-04 4.746843840788180779e-01
6.399999999999983827e-03 1.253673690371215343e-04 4.749336555768259860e-01
6.409999999999983419e-03 1.252907386515289545e-04 4.751775397787946775e-01
6.419999999999983012e-03 1.252158399438485503e-04 4.754122522210965096e-01
6.429999999999982604e-03 1.251485518878325820e-04 4.752092969104489417e-01
6.439999999999982197e-03 1.251245703315362334e-04 4.762711916200731421e-01
6.449999999999981790e-03 1.251154462806880474e-04 4.764230745122150501e-01
6.459999999999981382e-03 1.250196364708244801e-04 4.766260490954432050e-01
6.469999999999980975e-03 1.249488850589841604e-04 4.771408415905414313e-01
6.479999999999980567e-03 1.248923654202371836e-04 4.776420421300923147e-01
6.489999999999980160e-03 1.248156622750684619e-04 4.776910561872912964e-01
6.499999999999979752e-03 1.247402105946093798e-04 4.774559188408827870e-01
6.509999999999979345e-03 1.246507599717006087e-04 4.772030562877724313e-01
6.519999999999978937e-03 1.245860330527648330e-04 4.769591028064528171e-01
6.529999999999978530e-03 1.245213061338290572e-04 4.767189118741410603e-01
6.539999999999978123e-03 1.244498998858034611e-04 4.764856842982189145e-01
6.549999999999977715e-03 1.243551232619211078e-04 4.756825693350844042e-01
6.559999999999977308e-03 1.242861035279929638e-04 4.747987746092540706e-01
6.569999999999976900e-03 1.241993450094014406e-04 4.739130311569375031e-01
6.579999999999976493e-03 1.241213176399469376e-04 4.730235154730632052e-01
6.589999999999976085e-03 1.240659184986725450e-04 4.721549118329691486e-01
6.599999999999975678e-03 1.240434066858142614e-04 4.713083121715529455e-01
6.609999999999975270e-03 1.240288111148402095e-04 4.704704965198870936e-01
6.619999999999974863e-03 1.239964476553723216e-04 4.693897435129284479e-01
6.629999999999974455e-03 1.240064157173037529e-04 4.689291713113268312e-01
6.639999999999974048e-03 1.239760604221373796e-04 4.684694432032451838e-01
6.649999999999973641e-03 1.239354751305654645e-04 4.680254538058469249e-01
6.659999999999973233e-03 1.238791446667164564e-04 4.675814065926851004e-01
6.669999999999972826e-03 1.238586701219901443e-04 4.671519547823824170e-01
6.679999999999972418e-03 1.238396071130409837e-04 4.667186435212682949e-01
6.689999999999972011e-03 1.235247764270752668e-04 4.663061817803583753e-01
6.699999999999971603e-03 1.231480855494737625e-04 4.665676926863948082e-01
6.709999999999971196e-03 1.227950124302878976e-04 4.668164019182206026e-01
6.719999999999970788e-03 1.224310108227655292e-04 4.670413653378587826e-01
6.729999999999970381e-03 1.220839039888232946e-04 4.672674168952670737e-01
6.739999999999969973e-03 1.217332828673534095e-04 4.668360765677491142e-01
6.749999999999969566e-03 1.213256109622307122e-04 4.673889147245195441e-01
6.759999999999969159e-03 1.209310430567711592e-04 4.679109243684986819e-01
6.769999999999968751e-03 1.205332446261309087e-04 4.684278976242280956e-01
6.779999999999968344e-03 1.201288614538498223e-04 4.689280709053240681e-01
6.789999999999967936e-03 1.197550955112092197e-04 4.691366753571004078e-01
6.799999999999967529e-03 1.193952266476117074e-04 4.696773936893328116e-01
6.809999999999967121e-03 1.189802351291291416e-04 4.704867035053919566e-01
6.819999999999966714e-03 1.185940782306715846e-04 4.713141416817691609e-01
6.829999999999966306e-03 1.182795167551375926e-04 4.721529401086775879e-01
6.839999999999965899e-03 1.178534948849119246e-04 4.727838487423763336e-01
6.849999999999965491e-03 1.171550611616112292e-04 4.736873984207900512e-01
6.859999999999965084e-03 1.164785717264749110e-04 4.745672011966171056e-01
6.869999999999964677e-03 1.158370723715052009e-04 4.754284764963764842e-01
6.879999999999964269e-03 1.152278273366391659e-04 4.762756388647329531e-01
6.889999999999963862e-03 1.146959766629152000e-04 4.771781825218915363e-01
6.899999999999963454e-03 1.141450848081149161e-04 4.778877435343353297e-01
6.909999999999963047e-03 1.135866259573958814e-04 4.785920579422263121e-01
6.919999999999962639e-03 1.130530945374630392e-04 4.793049905346139505e-01
6.929999999999962232e-03 1.125308044720441103e-04 4.800212448552207412e-01
6.939999999999961824e-03 1.122690518968738616e-04 4.805397221271474062e-01
6.949999999999961417e-03 1.122232933994382620e-04 4.814333662194603680e-01
6.959999999999961010e-03 1.121764580602757633e-04 4.823026398684862603e-01
6.969999999999960602e-03 1.121128007071092725e-04 4.831470319575834060e-01
6.979999999999960195e-03 1.120521337725222111e-04 4.839960712613751714e-01
6.989999999999959787e-03 1.120124434237368405e-04 4.847313977269606111e-01
6.999999999999959380e-03 1.120203669415786862e-04 4.857433390263670159e-01
7.009999999999958972e-03 1.120554516091942787e-04 4.867383727129510063e-01
7.019999999999958565e-03 1.120903907576575875e-04 4.877339956382298336e-01
7.029999999999958157e-03 1.121057066484354436e-04 4.899861426237307471e-01
7.039999999999957750e-03 1.121302921092137694e-04 4.914368018307120889e-01
7.049999999999957342e-03 1.122341273003257811e-04 4.934571058075224448e-01
7.059999999999956935e-03 1.123527035815641284e-04 4.954589352517529410e-01
7.069999999999956528e-03 1.124788614106364548e-04 4.975117150333313032e-01
7.079999999999956120e-03 1.126246206695213914e-04 5.000561454798683192e-01
7.089999999999955713e-03 1.128135045291855931e-04 5.025295698428525748e-01
7.099999999999955305e-03 1.129912707256153226e-04 5.049394631504716680e-01
7.109999999999954898e-03 1.131126264226622880e-04 5.075407310319438592e-01
7.119999999999954490e-03 1.133734695031307638e-04 5.104397553158223078e-01
7.129999999999954083e-03 1.136231658165343106e-04 5.132832870761256938e-01
7.139999999999953675e-03 1.138634979724884033e-04 5.162137436013214398e-01
7.149999999999953268e-03 1.142005930887535214e-04 5.195772940896767889e-01
7.159999999999952860e-03 1.145662972703576088e-04 5.228451079416224223e-01
7.169999999999952453e-03 1.149545423686504364e-04 5.260499914357460449e-01
7.179999999999952046e-03 1.153793564299121499e-04 5.297706415539267244e-01
7.189999999999951638e-03 1.157923106802627444e-04 5.334185001565006079e-01
7.199999999999951231e-03 1.161813561338931322e-04 5.377862473461748616e-01
7.209999999999950823e-03 1.162478074547834694e-04 5.410587606919137205e-01
7.219999999999950416e-03 1.166803413070738316e-04 5.451358676457664920e-01
7.229999999999950008e-03 1.170488612842746079e-04 5.492477133188634619e-01
7.239999999999949601e-03 1.173533382825553417e-04 5.536777143767168674e-01
7.249999999999949193e-03 1.178063612314872444e-04 5.580520405027237230e-01
7.259999999999948786e-03 1.181405896204523742e-04 5.627405563979136494e-01
7.269999999999948379e-03 1.186274021165445447e-04 5.674606236159210892e-01
7.279999999999947971e-03 1.191518895211629570e-04 5.722197741570933527e-01
7.289999999999947564e-03 1.195040313177742064e-04 5.772631715482104964e-01
7.299999999999947156e-03 1.196952725877054036e-04 5.821488632340789948e-01
7.309999999999946749e-03 1.199435646412894130e-04 5.878384054514326218e-01
7.319999999999946341e-03 1.203618667204864323e-04 5.932622189603690144e-01
7.329999999999945934e-03 1.202725907205604017e-04 5.987837524597272587e-01
7.339999999999945526e-03 1.209429756272584200e-04 6.050514211990771773e-01
7.349999999999945119e-03 1.215113006765022874e-04 6.110838410592784875e-01
7.359999999999944711e-03 1.226522435899823904e-04 6.173228258171165050e-01
7.369999999999944304e-03 1.230240304721519351e-04 6.239861462032419981e-01
7.379999999999943897e-03 1.245782914338633418e-04 6.312480738709210781e-01
7.389999999999943489e-03 1.271419023396447301e-04 6.377757649862658695e-01
7.399999999999943082e-03 1.294837857130914927e-04 6.454118025345264575e-01
7.409999999999942674e-03 1.315057161264121532e-04 6.522669931161587664e-01
7.419999999999942267e-03 1.326642377534881234e-04 6.597121765260742787e-01
7.429999999999941859e-03 1.343203330179676414e-04 6.670684024517852251e-01
7.439999999999941452e-03 1.359173620585352182e-04 6.747555860690183094e-01
7.449999999999941044e-03 1.376721775159239769e-04 6.817238897645698792e-01
7.459999999999940637e-03 1.389459066558629274e-04 6.887393626764839460e-01
7.469999999999940229e-03 1.429916592314839363e-04 6.962520026818751484e-01
7.479999999999939822e-03 1.459034683648496866e-04 7.040127066163240910e-01
7.489999999999939415e-03 1.496246259193867445e-04 7.124413787581661550e-01
7.499999999999939007e-03 1.505692489445209503e-04 7.196578127571764405e-01
7.509999999999938600e-03 1.535176270408555865e-04 7.285205914636767588e-01
7.519999999999938192e-03 1.550059387227520347e-04 7.365272972413711150e-01
7.529999999999937785e-03 1.564300473546609282e-04 7.459258125184150545e-01
7.539999999999937377e-03 1.570543827256187797e-04 7.551599423553729817e-01
7.549999999999936970e-03 1.583178964210674167e-04 7.641413878861305076e-01
7.559999999999936562e-03 1.589600724400952458e-04 7.737005640732705913e-01
7.569999999999936155e-03 1.584776618983596563e-04 7.827172558526175328e-01
7.579999999999935748e-03 1.607509766472503543e-04 7.921139657390733335e-01
7.589999999999935340e-03 1.624612777959555387e-04 8.007825570165383322e-01
7.599999999999934933e-03 1.654233055887743831e-04 8.108562305405891957e-01
7.609999999999934525e-03 1.657384709687903523e-04 8.202754242075614988e-01
7.619999999999934118e-03 1.674603699939325452e-04 8.296063445186879770e-01
7.629999999999933710e-03 1.677540130913257599e-04 8.402112352772003190e-01
7.639999999999933303e-03 1.681878347881138325e-04 8.497958730891025381e-01
7.649999999999932895e-03 1.697066909400746226e-04 8.608171976100914558e-01
7.659999999999932488e-03 1.701097644399851561e-04 8.695813390714797197e-01
7.669999999999932080e-03 1.709181960904970765e-04 8.806076609349887674e-01
7.679999999999931673e-03 1.732826931402087212e-04 8.919133808255492735e-01
7.689999999999931266e-03 1.747295755194500089e-04 9.028103500528937841e-01
7.699999999999930858e-03 1.781250466592609882e-04 9.125944226930264858e-01
7.709999999999930451e-03 1.795854623196646571e-04 9.230768712151307120e-01
7.719999999999930043e-03 1.802847400540485978e-04 9.347433278681670510e-01
7.729999999999929636e-03 1.819274330046027899e-04 9.454149031686248650e-01
7.739999999999929228e-03 1.843052887124940753e-04 9.545149083844353122e-01
7.749999999999928821e-03 1.853151770774275064e-04 9.644706442324038065e-01
7.759999999999928413e-03 1.860807533375918865e-04 9.774105924784333155e-01
7.769999999999928006e-03 1.881809293990954757e-04 9.878703513682722814e-01
7.779999999999927598e-03 1.912944280775263906e-04 9.987315127053919550e-01
7.789999999999927191e-03 1.932838786160573363e-04 1.010451842071415252e+00
7.799999999999926784e-03 1.984371774597093463e-04 1.020488992221269431e+00
7.809999999999926376e-03 2.025247231358662248e-04 1.031436932919084226e+00
7.819999999999925969e-03 2.049136382993310690e-04 1.042553455187365197e+00
7.829999999999925561e-03 2.063800784526392817e-04 1.052476809329957241e+00
7.839999999999925154e-03 2.090972702717408538e-04 1.064371791194528960e+00
7.849999999999924746e-03 2.113971859216690063e-04 1.076115851463288475e+00
7.859999999999924339e-03 2.165339828934520483e-04 1.087400080241312184e+00
7.869999999999923931e-03 2.194471162511035800e-04 1.099407882799958491e+00
7.879999999999923524e-03 2.229968231404200196e-04 1.110931378823831972e+00
7.889999999999923117e-03 2.266870869789272547e-04 1.121731236658553899e+00
7.899999999999922709e-03 2.310537238372489810e-04 1.134131961174777325e+00
7.909999999999922302e-03 2.336680918233469129e-04 1.145714182227823397e+00
7.919999999999921894e-03 2.365270192967727780e-04 1.156943751060205638e+00
7.929999999999921487e-03 2.411742025287821889e-04 1.168395748015673474e+00
7.939999999999921079e-03 2.455536450725048780e-04 1.182555776466070352e+00
7.949999999999920672e-03 2.498223038855940104e-04 1.193602436616434614e+00
7.959999999999920264e-03 2.539652050472795963e-04 1.207816204354748457e+00
7.969999999999919857e-03 2.582315646577626467e-04 1.219642939955540184e+00
7.979999999999919449e-03 2.612215466797351837e-04 1.232045565557131406e+00
7.989999999999919042e-03 2.674244460649788380e-04 1.244717839744626131e+00
7.999999999999918635e-03 2.730477717705070972e-04 1.257815492059791929e+00
8.009999999999999759e-03 2.756545145530253649e-04 1.270055493531512480e+00
8.019999999999999352e-03 2.811002486851066351e-04 1.283415226747803395e+00
8.029999999999998944e-03 2.860822714865207672e-04 1.295504541225042106e+00
8.039999999999998537e-03 2.910045732278376818e-04 1.307682385119797175e+00
8.049999999999998129e-03 2.961897989735007286e-04 1.320549158203276008e+00
8.059999999999997722e-03 2.993209927808493376e-04 1.333517743244270193e+00
8.069999999999997314e-03 3.059818409383296967e-04 1.346446547526815252e+00
8.079999999999996907e-03 3.094291896559298038e-04 1.359445451994065968e+00
8.089999999999996499e-03 3.155547892674803734e-04 1.372163622978200825e+00
8.099999999999996092e-03 3.191330761183053255e-04 1.386478663736933292e+00
8.109999999999995685e-03 3.223168023396283388e-04 1.399049498747344744e+00
8.119999999999995277e-03 3.267311549279838800e-04 1.411030910341318556e+00
8.129999999999994870e-03 3.291597531642764807e-04 1.424384438396561370e+00
8.139999999999994462e-03 3.335555084049701691e-04 1.436890673558019138e+00
8.149999999999994055e-03 3.349671897012740374e-04 1.450018259010016353e+00
8.159999999999993647e-03 3.377115353941917419e-04 1.462511151579406254e+00
8.169999999999993240e-03 3.409791970625519753e-04 1.477087087294848056e+00
8.179999999999992832e-03 3.444933099672198296e-04 1.490172135672347631e+00
8.189999999999992425e-03 3.487368230707943439e-04 1.503022957049082731e+00
8.199999999999992017e-03 3.507368091959506273e-04 1.515528643274867804e+00
8.209999999999991610e-03 3.556071314960718155e-04 1.528305964585071175e+00
8.219999999999991203e-03 3.582646022550761700e-04 1.541363109029791012e+00
8.229999999999990795e-03 3.624600067269057035e-04 1.554355178647414348e+00
8.239999999999990388e-03 3.673105675261467695e-04 1.567900289555438809e+00
8.249999999999989980e-03 3.744848654605448246e-04 1.581287954831700482e+00
8.259999999999989573e-03 3.799986443482339382e-04 1.595634695553187932e+00
8.269999999999989165e-03 3.841843281406909227e-04 1.606999573135631465e+00
8.279999999999988758e-03 3.894175461027771235e-04 1.620138119746608041e+00
8.289999999999988350e-03 3.945176722481846809e-04 1.633490306905934331e+00
8.299999999999987943e-03 4.001392517238855362e-04 1.648909737610589232e+00
8.309999999999987536e-03 4.053268639836460352e-04 1.664958268953579124e+00
8.319999999999987128e-03 4.119279328733682632e-04 1.681247278547869151e+00
8.329999999999986721e-03 4.172812041360884905e-04 1.698747094758768172e+00
8.339999999999986313e-03 4.231262719258666039e-04 1.715235353179483724e+00
8.349999999999985906e-03 4.287020419724285603e-04 1.729515725042270580e+00
8.359999999999985498e-03 4.330395022407174110e-04 1.743934970356530112e+00
8.369999999999985091e-03 4.413790593389421701e-04 1.759933667471635710e+00
8.379999999999984683e-03 4.472620203159749508e-04 1.774628329772048874e+00
8.389999999999984276e-03 4.555419145617634058e-04 1.790437732642094826e+00
8.399999999999983868e-03 4.619511601049453020e-04 1.807400236301737850e+00
8.409999999999983461e-03 4.689949855674058199e-04 1.823817032861213105e+00
8.419999999999983054e-03 4.770146915689110756e-04 1.840227438596917064e+00
8.429999999999982646e-03 4.850789264310151339e-04 1.856862663882933973e+00
8.439999999999982239e-03 4.919852362945675850e-04 1.874111015976709149e+00
8.449999999999981831e-03 4.988544969819486141e-04 1.892459838833919328e+00
8.459999999999981424e-03 5.065366858616471291e-04 1.909434863719711384e+00
8.469999999999981016e-03 5.149738863110542297e-04 1.928250089070812523e+00
8.479999999999980609e-03 5.228039808571338654e-04 1.946805583955103058e+00
8.489999999999980201e-03 5.298886098898947239e-04 1.965730409756314634e+00
8.499999999999979794e-03 5.348259001038968563e-04 1.983968809150375767e+00
8.509999999999979386e-03 5.399265210144221783e-04 2.001259079752850667e+00
8.519999999999978979e-03 5.468022427521646023e-04 2.021885913666843226e+00
8.529999999999978572e-03 5.518382531590759754e-04 2.040884417579283294e+00
8.539999999999978164e-03 5.585305625572800636e-04 2.060309625788728560e+00
8.549999999999977757e-03 5.634331610053777695e-04 2.077178474405871889e+00
8.559999999999977349e-03 5.703009665012359619e-04 2.097371076973512327e+00
8.569999999999976942e-03 5.757753388024866581e-04 2.115287685818656449e+00
8.579999999999976534e-03 5.815430777147412300e-04 2.132790343359248109e+00
8.589999999999976127e-03 5.850610905326902866e-04 2.149798649947426643e+00
8.599999999999975719e-03 5.901077529415488243e-04 2.167631633222828924e+00
8.609999999999975312e-03 5.936222150921821594e-04 2.185662786210988084e+00
8.619999999999974905e-03 5.976132815703749657e-04 2.200896577844363655e+00
8.629999999999974497e-03 6.014241953380405903e-04 2.218132510318094663e+00
8.639999999999974090e-03 6.049094954505562782e-04 2.235141805845309637e+00
8.649999999999973682e-03 6.087783258408308029e-04 2.253871438181546338e+00
8.659999999999973275e-03 6.128347595222294331e-04 2.272240531283849840e+00
8.669999999999972867e-03 6.157055613584816456e-04 2.289820555998067331e+00
8.679999999999972460e-03 6.203757366165518761e-04 2.304316708012418058e+00
8.689999999999972052e-03 6.237580091692507267e-04 2.321348604779280844e+00
8.699999999999971645e-03 6.274660117924213409e-04 2.337963344478797278e+00
8.709999999999971237e-03 6.320297834463417530e-04 2.355724239732499559e+00
8.719999999999970830e-03 6.346477894112467766e-04 2.370691926969496155e+00
8.729999999999970423e-03 6.383639411069452763e-04 2.386620659310876302e+00
8.739999999999970015e-03 6.412480142898857594e-04 2.402689401650336620e+00
8.749999999999969608e-03 6.456308765336871147e-04 2.417997365666201492e+00
8.759999999999969200e-03 6.485487101599574089e-04 2.432626898086482914e+00
8.769999999999968793e-03 6.543510244227945805e-04 2.447875136164670895e+00
8.779999999999968385e-03 6.580799818038940430e-04 2.463307224246729099e+00
8.789999999999967978e-03 6.630428251810371876e-04 2.478302102977135934e+00
8.799999999999967570e-03 6.679852958768606186e-04 2.494205423861886040e+00
8.809999999999967163e-03 6.725479033775627613e-04 2.508059753775769618e+00
8.819999999999966755e-03 6.786445737816393375e-04 2.524576474500867196e+00
8.829999999999966348e-03 6.831251666881144047e-04 2.536396611933889211e+00
8.839999999999965941e-03 6.891168304719030857e-04 2.548953020846979278e+00
8.849999999999965533e-03 6.934069097042083740e-04 2.560820421413999348e+00
8.859999999999965126e-03 7.005232619121670723e-04 2.575588362705584888e+00
8.869999999999964718e-03 7.052410510368645191e-04 2.587480369348300613e+00
8.879999999999964311e-03 7.111266604624688625e-04 2.599595875810901013e+00
8.889999999999963903e-03 7.146725547499954700e-04 2.611970925227793838e+00
8.899999999999963496e-03 7.170501048676669598e-04 2.623000085562605666e+00
8.909999999999963088e-03 7.192659541033208370e-04 2.633128596291613999e+00
8.919999999999962681e-03 7.207174785435199738e-04 2.645342268557231424e+00
8.929999999999962274e-03 7.245799642987549305e-04 2.658257857695585535e+00
8.939999999999961866e-03 7.291015936061739922e-04 2.670035526403883530e+00
8.949999999999961459e-03 7.349400548264384270e-04 2.681433169969558161e+00
8.959999999999961051e-03 7.408572710119187832e-04 2.695193757192599016e+00
8.969999999999960644e-03 7.467932300642132759e-04 2.708014964296487026e+00
8.979999999999960236e-03 7.506523397751152515e-04 2.719024459422648921e+00
8.989999999999959829e-03 7.551413727924227715e-04 2.732660409237318788e+00
8.999999999999959421e-03 7.592992042191326618e-04 2.746282135227433585e+00
9.009999999999959014e-03 7.627230370417237282e-04 2.759620904370996275e+00
9.019999999999958606e-03 7.668151520192623138e-04 2.773394858418506193e+00
9.029999999999958199e-03 7.711010985076427460e-04 2.785789798355020164e+00
9.039999999999957792e-03 7.759467116557061672e-04 2.800143723752685609e+00
9.049999999999957384e-03 7.783259497955441475e-04 2.811714126356732457e+00
9.059999999999956977e-03 7.821101462468504906e-04 2.824954676722648994e+00
9.069999999999956569e-03 7.860069163143634796e-04 2.838287762458680863e+00
9.079999999999956162e-03 7.887971587479114532e-04 2.852158968816163043e+00
9.089999999999955754e-03 7.936310139484703541e-04 2.866063504565371733e+00
9.099999999999955347e-03 7.957904599606990814e-04 2.881776161610902776e+00
9.109999999999954939e-03 7.986304117366671562e-04 2.897220420838274357e+00
9.119999999999954532e-03 8.026109426282346249e-04 2.912459573365252741e+00
9.129999999999954124e-03 8.062337292358279228e-04 2.926987660545789627e+00
9.139999999999953717e-03 8.108490146696567535e-04 2.944496209230814010e+00
9.149999999999953310e-03 8.117117686197161674e-04 2.958253383800546477e+00
9.159999999999952902e-03 8.161794394254684448e-04 2.976184359447883399e+00
9.169999999999952495e-03 8.184554753825068474e-04 2.991048819972108586e+00
9.179999999999952087e-03 8.215749403461813927e-04 3.008018094046324808e+00
9.189999999999951680e-03 8.263213094323873520e-04 3.025978166434309724e+00
9.199999999999951272e-03 8.294355939142405987e-04 3.042738204590647477e+00
9.209999999999950865e-03 8.330839918926358223e-04 3.062108207404513838e+00
9.219999999999950457e-03 8.370015420950949192e-04 3.079818934502223104e+00
9.229999999999950050e-03 8.425927953794598579e-04 3.099409424325301643e+00
9.239999999999949643e-03 8.486831211484968662e-04 3.119175611284351390e+00
9.249999999999949235e-03 8.528803009539842606e-04 3.142106116193670307e+00
9.259999999999948828e-03 8.577562402933835983e-04 3.163435461289227479e+00
9.269999999999948420e-03 8.640098385512828827e-04 3.186494467687121634e+00
9.279999999999948013e-03 8.708015084266662598e-04 3.214854956280641662e+00
9.289999999999947605e-03 8.772343862801790237e-04 3.241237227302998125e+00
9.299999999999947198e-03 8.832744788378477097e-04 3.267188224825068765e+00
9.309999999999946790e-03 8.955461671575903893e-04 3.297014718355320007e+00
9.319999999999946383e-03 9.018243872560560703e-04 3.327485301636011084e+00
9.329999999999945975e-03 9.128612000495195389e-04 3.361017418496235365e+00
9.339999999999945568e-03 9.218620834872126579e-04 3.391611950379453067e+00
9.349999999999945161e-03 9.312920155934989452e-04 3.426714480539246654e+00
9.359999999999944753e-03 9.378205868415534496e-04 3.462973981268675061e+00
9.369999999999944346e-03 9.490618249401450157e-04 3.496536023068436361e+00
9.379999999999943938e-03 9.570386609993875027e-04 3.534437919371749892e+00
9.389999999999943531e-03 9.653443121351301670e-04 3.572638223913962019e+00
9.399999999999943123e-03 9.751564939506351948e-04 3.607434998486067190e+00
9.409999999999942716e-03 9.857279947027564049e-04 3.643246322301922913e+00
9.419999999999942308e-03 9.935667039826512337e-04 3.682949987605207642e+00
9.429999999999941901e-03 1.002304721623659134e-03 3.717443581733388847e+00
9.439999999999941493e-03 1.011473592370748520e-03 3.755531191536350732e+00
9.449999999999941086e-03 1.023720018565654755e-03 3.791878722590242390e+00
9.459999999999940679e-03 1.036246540024876595e-03 3.833611116792166484e+00
9.469999999999940271e-03 1.046750112436711788e-03 3.871913058347872028e+00
9.479999999999939864e-03 1.057782676070928574e-03 3.909249169095426524e+00
9.489999999999939456e-03 1.070804777555167675e-03 3.950433452760632402e+00
9.499999999999939049e-03 1.083494629710912704e-03 3.994596262521885155e+00
9.509999999999938641e-03 1.097887055948376656e-03 4.041611786839982123e+00
9.519999999999938234e-03 1.112531288526952267e-03 4.087573091724585161e+00
9.529999999999937826e-03 1.124873873777687550e-03 4.131614653887679012e+00
9.539999999999937419e-03 1.136421458795666695e-03 4.174770071471126442e+00
9.549999999999937011e-03 1.149767427705228329e-03 4.220579147567092626e+00
9.559999999999936604e-03 1.163901877589523792e-03 4.267998847446920152e+00
9.569999999999936197e-03 1.181149506010115147e-03 4.314344331562148582e+00
9.579999999999935789e-03 1.197211677208542824e-03 4.359321437693580492e+00
9.589999999999935382e-03 1.215895754285156727e-03 4.405472507821572847e+00
9.599999999999934974e-03 1.228544628247618675e-03 4.449158608709666396e+00
9.609999999999934567e-03 1.242633094079792500e-03 4.493201581357944008e+00
9.619999999999934159e-03 1.261979108676314354e-03 4.540057424515004492e+00
9.629999999999933752e-03 1.275912742130458355e-03 4.580933514375391979e+00
9.639999999999933344e-03 1.292164670303463936e-03 4.629682315645511359e+00
9.649999999999932937e-03 1.305411336943507195e-03 4.677401082670025190e+00
9.659999999999932530e-03 1.320715178735554218e-03 4.726859489924128077e+00
9.669999999999932122e-03 1.338408561423420906e-03 4.772739497676163900e+00
9.679999999999931715e-03 1.347113982774317265e-03 4.822978211070536148e+00
9.689999999999931307e-03 1.355069340206682682e-03 4.875977254236316227e+00
9.699999999999930900e-03 1.364854862913489342e-03 4.918470710851171823e+00
9.709999999999930492e-03 1.378900371491909027e-03 4.969607333834623830e+00
9.719999999999930085e-03 1.392997684888541698e-03 5.014511599090030636e+00
9.729999999999929677e-03 1.409620395861566067e-03 5.062352230067331149e+00
9.739999999999929270e-03 1.423851936124265194e-03 5.110656707848018065e+00
9.749999999999928862e-03 1.438991632312536240e-03 5.158417184997091454e+00
9.759999999999928455e-03 1.450876356102526188e-03 5.200995251629960237e+00
9.769999999999928048e-03 1.460922881960868835e-03 5.239722049175255414e+00
9.779999999999927640e-03 1.473090611398220062e-03 5.278156714488204670e+00
9.789999999999927233e-03 1.486725523136556149e-03 5.314877864575796806e+00
9.799999999999926825e-03 1.502570114098489285e-03 5.350824949994127167e+00
9.809999999999926418e-03 1.512455055490136147e-03 5.380394964466228558e+00
9.819999999999926010e-03 1.526072970591485500e-03 5.417132904129408288e+00
9.829999999999925603e-03 1.533836941234767437e-03 5.447800240552095552e+00
9.839999999999925195e-03 1.543044461868703365e-03 5.477246827704923327e+00
9.849999999999924788e-03 1.555826864205300808e-03 5.508875835485360639e+00
9.859999999999924380e-03 1.563978614285588264e-03 5.534996232530504656e+00
9.869999999999923973e-03 1.574851223267614841e-03 5.562945591768169606e+00
9.879999999999923566e-03 1.582175958901643753e-03 5.588523929390085243e+00
9.889999999999923158e-03 1.593569642864167690e-03 5.615191551385013469e+00
9.899999999999922751e-03 1.602743868716061115e-03 5.635204911194017896e+00
9.909999999999922343e-03 1.612110412679612637e-03 5.660341152180666136e+00
9.919999999999921936e-03 1.624995726160705090e-03 5.683786482907522419e+00
9.929999999999921528e-03 1.633010688237845898e-03 5.703274473413689982e+00
9.939999999999921121e-03 1.640755683183670044e-03 5.723805940348441368e+00
9.949999999999920713e-03 1.649292535148561001e-03 5.746300254100450644e+00
9.959999999999920306e-03 1.658387365750968456e-03 5.769873781275161484e+00
9.969999999999919899e-03 1.667104661464691162e-03 5.791808280337868986e+00
9.979999999999919491e-03 1.676937099546194077e-03 5.814745043545499925e+00
9.989999999999919084e-03 1.687313430011272430e-03 5.835962505316101279e+00
9.999999999999918676e-03 1.698225853033363819e-03 5.856890641942258391e+00
