# time   center_error   angle_error_deg
1.000000000000000082e-05 5.268355973697680383e-09 6.556199388789433937e-05
2.000000000000000164e-05 1.666000493116825965e-08 1.277871923276527473e-04
3.000000000000000415e-05 1.490116119384765625e-08 1.844276229457936375e-04
4.000000000000000327e-05 1.862645149230957031e-08 2.355607139160935338e-04
5.000000000000000240e-05 1.178040243132727483e-08 2.812582922519792864e-04
6.000000000000000152e-05 1.535976501543245831e-08 3.226098579391970759e-04
7.000000000000000742e-05 1.490116119384765625e-08 3.592956874995034341e-04
8.000000000000000654e-05 1.117587089538574219e-08 3.923241849037649269e-04
9.000000000000000567e-05 1.666000493116825965e-08 4.217840593715466049e-04
1.000000000000000048e-04 1.899532797722258692e-08 4.468313682747840051e-04
1.100000000000000039e-04 3.003425064207476680e-08 4.694705416124454202e-04
1.200000000000000030e-04 2.634178031257761177e-08 4.876318619996717089e-04
1.300000000000000157e-04 1.666000493116825965e-08 5.010476145410373231e-04
1.400000000000000148e-04 1.666000493116825965e-08 5.128760278871970007e-04
1.500000000000000140e-04 1.666000493116825965e-08 5.206223044233916500e-04
1.600000000000000131e-04 2.006130195297828323e-08 5.260233779226593416e-04
1.700000000000000122e-04 1.899532797722258692e-08 5.287732637325364207e-04
1.800000000000000113e-04 2.266005694195882825e-08 5.260188614459560767e-04
1.900000000000000105e-04 1.535976501543245831e-08 5.237869009134630150e-04
2.000000000000000096e-04 2.499000650857396977e-08 5.183533857055555366e-04
2.100000000000000087e-04 1.862645149230957031e-08 5.107516824782953836e-04
2.200000000000000078e-04 2.499000650857396977e-08 4.993566794383020148e-04
2.300000000000000070e-04 2.712052271647280577e-08 4.859374259331763492e-04
2.400000000000000061e-04 2.356080486265454965e-08 4.696605062202386326e-04
2.500000000000000052e-04 2.837096602092969988e-08 4.502585091979242069e-04
2.600000000000000314e-04 3.799065595444517385e-08 4.295808715756861793e-04
2.700000000000000577e-04 4.532011388391765649e-08 4.072950397848625341e-04
2.800000000000000839e-04 4.842877388000488281e-08 3.811970432809901770e-04
2.900000000000001101e-04 4.532011388391765649e-08 3.533674943372118373e-04
3.000000000000001363e-04 4.485843518864385260e-08 3.247043707884084813e-04
3.100000000000001626e-04 4.532011388391765649e-08 2.929541831564481794e-04
3.200000000000001888e-04 4.247484497454934171e-08 2.580348562354427126e-04
3.300000000000002150e-04 4.114717455649952171e-08 2.226102008783135066e-04
3.400000000000002413e-04 3.534120551762498508e-08 1.856255217565270339e-04
3.500000000000002675e-04 3.373394008576724445e-08 1.458928522064536311e-04
3.600000000000002937e-04 2.634178031257761177e-08 1.040674350022948374e-04
3.700000000000003200e-04 2.266005694195882825e-08 6.245610356724462379e-05
3.800000000000003462e-04 1.666000493116825965e-08 1.815199596778886243e-05
3.900000000000003724e-04 1.666000493116825965e-08 2.809138192493153312e-05
4.000000000000003986e-04 2.499000650857396977e-08 7.509329745352109106e-05
4.100000000000004249e-04 1.343172506551582046e-08 1.244492385723906574e-04
4.200000000000004511e-04 2.499000650857396977e-08 1.750167964887791529e-04
4.300000000000004773e-04 3.071953003086491663e-08 2.262143254587588466e-04
4.400000000000005036e-04 3.003425064207476680e-08 2.798933151634963460e-04
4.500000000000005298e-04 3.332000986233651929e-08 3.343732718923313001e-04
4.600000000000005560e-04 3.003425064207476680e-08 3.909446773621641914e-04
4.700000000000005822e-04 2.837096602092969988e-08 4.481314562973222424e-04
4.800000000000006085e-04 2.712052271647280577e-08 5.056423313118554950e-04
4.900000000000006347e-04 3.071953003086491663e-08 5.669388188275123171e-04
5.000000000000006609e-04 2.266005694195882825e-08 6.274788111322943595e-04
5.100000000000006872e-04 3.003425064207476680e-08 6.905291027700197638e-04
5.200000000000007134e-04 4.165001143974222941e-08 7.550388764370336014e-04
5.300000000000007396e-04 4.485843518864385260e-08 8.204139950026191229e-04
5.400000000000007658e-04 3.889317312655293790e-08 8.859121740251068092e-04
5.500000000000007921e-04 5.268356062515522353e-08 9.509088968350177997e-04
5.600000000000008183e-04 4.247484497454934171e-08 1.019058704575330574e-03
5.700000000000008445e-04 5.698598215531092137e-08 1.087819806808644919e-03
5.800000000000008708e-04 7.117156997082929593e-08 1.156841722769837068e-03
5.900000000000008970e-04 7.450580596923828125e-08 1.227034448299540613e-03
6.000000000000009232e-04 7.165738935555054923e-08 1.297892531047221748e-03
6.100000000000009494e-04 7.165738935555054923e-08 1.369698801316318344e-03
6.200000000000009757e-04 6.959416509744187351e-08 1.442030120529230004e-03
6.300000000000010019e-04 6.959416509744187351e-08 1.515727395945299901e-03
6.400000000000010281e-04 8.330002287948445883e-08 1.589997605349747437e-03
6.500000000000010544e-04 6.959416509744187351e-08 1.665790446467683896e-03
6.600000000000010806e-04 7.679882685351913096e-08 1.737975555403777767e-03
6.700000000000011068e-04 7.233205678858212195e-08 1.813754898158590574e-03
6.800000000000011331e-04 7.068241103524997015e-08 1.890138828685248434e-03
6.900000000000011593e-04 7.679882685351913096e-08 1.965020703193651359e-03
7.000000000000011855e-04 7.963760850770995603e-08 2.042620612203296070e-03
7.100000000000012117e-04 7.487740560918609845e-08 2.120839415081576113e-03
7.200000000000012380e-04 7.165738935555054923e-08 2.198030029348593557e-03
7.300000000000012642e-04 7.963760850770995603e-08 2.274181355288343136e-03
7.400000000000012904e-04 8.330002287948445883e-08 2.352434239311257044e-03
7.500000000000013167e-04 8.971687037728770520e-08 2.430842450352927592e-03
7.600000000000013429e-04 8.600500223110429943e-08 2.510358025283768429e-03
7.700000000000013691e-04 9.750017682108591544e-08 2.587507174404959399e-03
7.800000000000013953e-04 1.006518033364045550e-07 2.665117792863827377e-03
7.900000000000014216e-04 1.006518033364045550e-07 2.744894924551008562e-03
8.000000000000014478e-04 1.043746280515733815e-07 2.822239916542988031e-03
8.100000000000014740e-04 1.008584078476815193e-07 2.901367354836887052e-03
8.200000000000015003e-04 1.080976304024261481e-07 2.979842200369300486e-03
8.300000000000015265e-04 1.118207819672534242e-07 3.060436553279833986e-03
8.400000000000015527e-04 1.080976304024261481e-07 3.140067477081974045e-03
8.500000000000015789e-04 1.229345798492431641e-07 3.218549498798137579e-03
8.600000000000016052e-04 1.341104507446289062e-07 3.295599930079403002e-03
8.700000000000016314e-04 1.304383658862207085e-07 3.373723109772018211e-03
8.800000000000016576e-04 1.305978543086894206e-07 3.452548253950994510e-03
8.900000000000016839e-04 1.305978543086894206e-07 3.530623330285774086e-03
9.000000000000017101e-04 1.271519636247830931e-07 3.608100512236980632e-03
9.100000000000017363e-04 1.308632562313505332e-07 3.684500152655487484e-03
9.200000000000017625e-04 1.312338895331777167e-07 3.763113734720995203e-03
9.300000000000017888e-04 1.349357603430689778e-07 3.839515405732833123e-03
9.400000000000018150e-04 1.349357603430689778e-07 3.917109680148136812e-03
9.500000000000018412e-04 1.275333971761938301e-07 3.996076485914570181e-03
9.600000000000018675e-04 1.231601487461375655e-07 4.070785160315350780e-03
9.700000000000018937e-04 1.234415236694985651e-07 4.145731397304342793e-03
9.800000000000019199e-04 1.157240916427326738e-07 4.221900779520186033e-03
9.900000000000019462e-04 1.192674830008400022e-07 4.296403222684310082e-03
1.000000000000001972e-03 1.080334186553955078e-07 4.370044699008826528e-03
1.010000000000001999e-03 1.005828380584716797e-07 4.441791430464730323e-03
1.020000000000002025e-03 1.006518033364045550e-07 4.515302396315558180e-03
1.030000000000002051e-03 1.086099459257638955e-07 4.586671102766685416e-03
1.040000000000002077e-03 9.714368331970035797e-08 4.660306448890107721e-03
1.050000000000002104e-03 1.160235072461546224e-07 4.730604439813215593e-03
1.060000000000002130e-03 1.271519636247830931e-07 4.801733657023327106e-03
1.070000000000002156e-03 1.312338895331777167e-07 4.870554992588476718e-03
1.080000000000002182e-03 1.308632562313505332e-07 4.941632369110890780e-03
1.090000000000002208e-03 1.390885842056377442e-07 5.008018549318834708e-03
1.100000000000002235e-03 1.353977694407149102e-07 5.077860371832974146e-03
1.110000000000002261e-03 1.373819173977608443e-07 5.146507570604425506e-03
1.120000000000002287e-03 1.563734741694133845e-07 5.211506610435699682e-03
1.130000000000002313e-03 1.476080200291107758e-07 5.278280740403915039e-03
1.140000000000002340e-03 1.402808038619696163e-07 5.342624561556869392e-03
1.150000000000002366e-03 1.402808038619696163e-07 5.407393814187461296e-03
1.160000000000002392e-03 1.446641135771642439e-07 5.469992398029660356e-03
1.170000000000002418e-03 1.476080200291107758e-07 5.531191281052196679e-03
1.180000000000002445e-03 1.479484410538134398e-07 5.592827418272065289e-03
1.190000000000002471e-03 1.516083329988759942e-07 5.653625949075850692e-03
1.200000000000002497e-03 1.439428274352394510e-07 5.713854773123760306e-03
1.210000000000002523e-03 1.512761400590534322e-07 5.772870432957964877e-03
1.220000000000002549e-03 1.676897909419494681e-07 5.830036607229396352e-03
1.230000000000002576e-03 1.717273931944873766e-07 5.887729483226245009e-03
1.240000000000002602e-03 1.766373003420085297e-07 5.943857439719670704e-03
1.250000000000002628e-03 1.811751531022309791e-07 6.000504163764970589e-03
1.260000000000002654e-03 1.857515883330052020e-07 6.054311882336608011e-03
1.270000000000002681e-03 1.975194408032621141e-07 6.106784025325238084e-03
1.280000000000002707e-03 1.934283204718667548e-07 6.158341295092630355e-03
1.290000000000002733e-03 1.944658691854783683e-07 6.210391347496427468e-03
1.300000000000002759e-03 1.985705466722720303e-07 6.260569331076101980e-03
1.310000000000002785e-03 1.991201656892371830e-07 6.310645352828187817e-03
1.320000000000002812e-03 2.067871633926188224e-07 6.360421848196756538e-03
1.330000000000002838e-03 2.073484637321598711e-07 6.408372445148737169e-03
1.340000000000002864e-03 1.955688730959082022e-07 6.455627689376872667e-03
1.350000000000002890e-03 2.073484637321598711e-07 6.504955828872882422e-03
1.360000000000002917e-03 2.002668395562068326e-07 6.551315046383767750e-03
1.370000000000002943e-03 1.926104715721521643e-07 6.596402608466133723e-03
1.380000000000002969e-03 1.879057265341543825e-07 6.640589810681717629e-03
1.390000000000002995e-03 1.938314824201370357e-07 6.680732739751153552e-03
1.400000000000003022e-03 1.938314824201370357e-07 6.721873898616862950e-03
1.410000000000003048e-03 1.879057265341543825e-07 6.763898757463988193e-03
1.420000000000003074e-03 1.932129691795125837e-07 6.801144457832123194e-03
1.430000000000003100e-03 1.916353227215950028e-07 6.838415591696601036e-03
1.440000000000003126e-03 1.938314824201370357e-07 6.875444202541620281e-03
1.450000000000003153e-03 1.944658691854783683e-07 6.914113898854351570e-03
1.460000000000003179e-03 1.916353227215950028e-07 6.950537940775491919e-03
1.470000000000003205e-03 1.874898316600592807e-07 6.987131510637597902e-03
1.480000000000003231e-03 1.826912097158128745e-07 7.021339548601916204e-03
1.490000000000003258e-03 1.814334922300986364e-07 7.055762293039671666e-03
1.500000000000003284e-03 1.785518009000952588e-07 7.087866466643376676e-03
1.510000000000003310e-03 1.814334922300986364e-07 7.117923374092384632e-03
1.520000000000003336e-03 1.820539097252549254e-07 7.150112666508334769e-03
1.530000000000003363e-03 1.792015638102384401e-07 7.179332262136957181e-03
1.540000000000003389e-03 1.826912097158128745e-07 7.206009136570656025e-03
1.550000000000003415e-03 1.805517229058750672e-07 7.235913469300262781e-03
1.560000000000003441e-03 1.895601826618076302e-07 7.259800488968430263e-03
1.570000000000003467e-03 2.013122184507665224e-07 7.282722345680625771e-03
1.580000000000003494e-03 2.013122184507665224e-07 7.307523976778576222e-03
1.590000000000003520e-03 1.978704347038728883e-07 7.330588893294594406e-03
1.600000000000003546e-03 2.013122184507665224e-07 7.352867542884057930e-03
1.610000000000003572e-03 1.923130383829629864e-07 7.372381892090856814e-03
1.620000000000003599e-03 2.075491636333026690e-07 7.392447299074711084e-03
1.630000000000003625e-03 2.006130159770691535e-07 7.412792962797100371e-03
1.640000000000003651e-03 2.069129720894125057e-07 7.433103086448062183e-03
1.650000000000003677e-03 2.201391282596887322e-07 7.449467309021979428e-03
1.660000000000003703e-03 2.292264724701453815e-07 7.464929664356112146e-03
1.670000000000003730e-03 2.216782490904734004e-07 7.479567374772376660e-03
1.680000000000003756e-03 2.250642694434645819e-07 7.494924353107441754e-03
1.690000000000003782e-03 2.209021801036215038e-07 7.508593573434009516e-03
1.700000000000003808e-03 2.307951945113018155e-07 7.519169630690290818e-03
1.710000000000003835e-03 2.440918080992560135e-07 7.527338091637681555e-03
1.720000000000003861e-03 2.399272034381283447e-07 7.536643800463501894e-03
1.730000000000003887e-03 2.374050609432742931e-07 7.548406754463900768e-03
1.740000000000003913e-03 2.240832515099100419e-07 7.557039272562757724e-03
1.750000000000003940e-03 2.158499512461276026e-07 7.564483635111203530e-03
1.760000000000003966e-03 2.274639854249471682e-07 7.571385293653990801e-03
1.770000000000003992e-03 2.250642694434645819e-07 7.577730924084227944e-03
1.780000000000004018e-03 2.310355853296641726e-07 7.582460224677837167e-03
1.790000000000004044e-03 2.342864036108949222e-07 7.585108365573953182e-03
1.800000000000004071e-03 2.301252663983177627e-07 7.589501426399636319e-03
1.810000000000004097e-03 2.209021801036215038e-07 7.590482643905085459e-03
1.820000000000004123e-03 2.116869808332921821e-07 7.591793762676480456e-03
1.830000000000004149e-03 2.042549880343358382e-07 7.592915302545949659e-03
1.840000000000004176e-03 2.125783282735937973e-07 7.589497122008679805e-03
1.850000000000004202e-03 2.195729962295445148e-07 7.586890566095329247e-03
1.860000000000004228e-03 2.209021801036215038e-07 7.583830763252429746e-03
1.870000000000004254e-03 2.204560729524018825e-07 7.581503039774338190e-03
1.880000000000004281e-03 2.195729962295445148e-07 7.575358843095687800e-03
1.890000000000004307e-03 2.169981598854064941e-07 7.566566698765060835e-03
1.900000000000004333e-03 2.174194406734386575e-07 7.561941594981177149e-03
1.910000000000004359e-03 2.261733698105672374e-07 7.553109844220880394e-03
1.920000000000004385e-03 2.294930823154572863e-07 7.543002993567677825e-03
1.930000000000004412e-03 2.345028775607715943e-07 7.533345983221875763e-03
1.940000000000004438e-03 2.274639854249471682e-07 7.524270195218201417e-03
1.950000000000004464e-03 2.241761336563286022e-07 7.514720127346842179e-03
1.960000000000004274e-03 2.191360692904709140e-07 7.502832578698101669e-03
1.970000000000004300e-03 2.250642694434645819e-07 7.492714010022702431e-03
1.980000000000004326e-03 2.338361611009531771e-07 7.480473833085594070e-03
1.990000000000004352e-03 2.273362014193480718e-07 7.466042340006960945e-03
2.000000000000004378e-03 2.199519002488159458e-07 7.450335617720431000e-03
2.010000000000000068e-03 2.157956942028249614e-07 7.436077892389376075e-03
2.020000000000000094e-03 2.172198918515277910e-07 7.418617523717205633e-03
2.030000000000000120e-03 2.218523036390251946e-07 7.401497393291807912e-03
2.040000000000000147e-03 2.140340598089096602e-07 7.383912871464092149e-03
2.050000000000000173e-03 2.010988282563630491e-07 7.364008456702992277e-03
2.060000000000000199e-03 2.067200455257989233e-07 7.343300077353147846e-03
2.070000000000000225e-03 2.040786881707390421e-07 7.322123950638711673e-03
2.080000000000000251e-03 2.097441011983391945e-07 7.296800445719241017e-03
2.090000000000000278e-03 2.019939699948736234e-07 7.275957666064610148e-03
2.100000000000000304e-03 1.989131419577461202e-07 7.253505655851289445e-03
2.110000000000000330e-03 1.973437093738539261e-07 7.229739795781518590e-03
2.120000000000000356e-03 1.952937083160577458e-07 7.206559965042442194e-03
2.130000000000000383e-03 2.009607698028048617e-07 7.180319280611561876e-03
2.140000000000000409e-03 2.046283356094136252e-07 7.154169015501803987e-03
2.150000000000000435e-03 2.057021504242584342e-07 7.125830619614202492e-03
2.160000000000000461e-03 2.128718961103004403e-07 7.097012429171487176e-03
2.170000000000000488e-03 2.219133818925911328e-07 7.066324633721333785e-03
2.180000000000000514e-03 2.110350010298134293e-07 7.035323379359743716e-03
2.190000000000000540e-03 2.177627607125032227e-07 7.004600955054357363e-03
2.200000000000000566e-03 2.177906424094544491e-07 6.972787057248128369e-03
2.210000000000000592e-03 2.235174179077148438e-07 6.939705889069564503e-03
2.220000000000000619e-03 2.251379669360176194e-07 6.905740676290123350e-03
2.230000000000000645e-03 2.171959323504779604e-07 6.868489727103486119e-03
2.240000000000000671e-03 2.276164536851865705e-07 6.834127740369255223e-03
2.250000000000000697e-03 2.231217450798794744e-07 6.798966444551387059e-03
2.260000000000000724e-03 2.289354057438686141e-07 6.760762054597501021e-03
2.270000000000000750e-03 2.440638127154670656e-07 6.722674068778428796e-03
2.280000000000000776e-03 2.452373166761390166e-07 6.683795038636116195e-03
2.290000000000000802e-03 2.545430106692947447e-07 6.644622692448635959e-03
2.300000000000000829e-03 2.542493575674598105e-07 6.607094738888709753e-03
2.310000000000000855e-03 2.629712696489150403e-07 6.568502475158003590e-03
2.320000000000000881e-03 2.693841452128253877e-07 6.526970865127544250e-03
2.330000000000000907e-03 2.798697948946937686e-07 6.483988401060258346e-03
2.340000000000000933e-03 2.858061236565845320e-07 6.439160910396112859e-03
2.350000000000000960e-03 2.874092217552970396e-07 6.396722244699739289e-03
2.360000000000000986e-03 2.884365812860778533e-07 6.351882360431777841e-03
2.370000000000001012e-03 2.957540345960296690e-07 6.308749859257003004e-03
2.380000000000001038e-03 3.073633365602290723e-07 6.265873364535289036e-03
2.390000000000001065e-03 3.065975704430456972e-07 6.219767443962930832e-03
2.400000000000001091e-03 3.008677254001668189e-07 6.173536912483235106e-03
2.410000000000001117e-03 3.025881198936986038e-07 6.125752581883366944e-03
2.420000000000001143e-03 3.049531187571119517e-07 6.078680077187787779e-03
2.430000000000001169e-03 2.980875990488129901e-07 6.033641740728338219e-03
2.440000000000001196e-03 3.078023098623816622e-07 5.984893465967411168e-03
2.450000000000001222e-03 3.101751531175978016e-07 5.937353195440941457e-03
2.460000000000001248e-03 3.253646525536169065e-07 5.887302078888705971e-03
2.470000000000001274e-03 3.115334834546956699e-07 5.838326880596754823e-03
2.480000000000001301e-03 3.217571702407440171e-07 5.785349252854099164e-03
2.490000000000001327e-03 3.190016570897569181e-07 5.735605015631637001e-03
2.500000000000001353e-03 3.122464420357573545e-07 5.685347415115870814e-03
2.510000000000001379e-03 3.207651673164946260e-07 5.634544245671650568e-03
2.520000000000001406e-03 3.421602059461292811e-07 5.580163609930409094e-03
2.530000000000001432e-03 3.277859264017024543e-07 5.526944149698520721e-03
2.540000000000001458e-03 3.148364839944406413e-07 5.471846033262126388e-03
2.550000000000001484e-03 3.132267352157214191e-07 5.415421691704543593e-03
2.560000000000001510e-03 3.089241431553091388e-07 5.358351895167207633e-03
2.570000000000001537e-03 3.076235657317738514e-07 5.300340423376861954e-03
2.580000000000001563e-03 3.064922395878966199e-07 5.241821743684297111e-03
2.590000000000001589e-03 3.089950268986285664e-07 5.184942868898158828e-03
2.600000000000001615e-03 3.170145532749302220e-07 5.124267513420188366e-03
2.610000000000001642e-03 3.134873338694887934e-07 5.067426342672188243e-03
2.620000000000001668e-03 3.173604739004076691e-07 5.006237883974870052e-03
2.630000000000001694e-03 3.245281732233706862e-07 4.947348505608904420e-03
2.640000000000001720e-03 3.200367189037933713e-07 4.888584946500250210e-03
2.650000000000001747e-03 3.176548091232689330e-07 4.825939045037166281e-03
2.660000000000001773e-03 3.295356520993664162e-07 4.765464593500343994e-03
2.670000000000001799e-03 3.281693068402091740e-07 4.703845789374767709e-03
2.680000000000001825e-03 3.300418427443219116e-07 4.638863045013626521e-03
2.690000000000001851e-03 3.368817260707146488e-07 4.574662975097998178e-03
2.700000000000001878e-03 3.414821492242481327e-07 4.509508396403942403e-03
2.710000000000001904e-03 3.450873862220760202e-07 4.444004200134580446e-03
2.720000000000001930e-03 3.404834387765731663e-07 4.380868643519037972e-03
2.730000000000001956e-03 3.270152717504970497e-07 4.316429131326464559e-03
2.740000000000001983e-03 3.218824531359132379e-07 4.249799644308609355e-03
2.750000000000002009e-03 3.366612020272441441e-07 4.184480693454503859e-03
2.760000000000002035e-03 3.429445882829895709e-07 4.117837973242730390e-03
2.770000000000002061e-03 3.478711221305275103e-07 4.049425737331345011e-03
2.780000000000002087e-03 3.495702287636959227e-07 3.980868017371914057e-03
2.790000000000002114e-03 3.424637213811365655e-07 3.910702851749274685e-03
2.800000000000002140e-03 3.422661052354669664e-07 3.841569320862534866e-03
2.810000000000002166e-03 3.409127202758099884e-07 3.770021740582261017e-03
2.820000000000002192e-03 3.356461775183561258e-07 3.700431681909319061e-03
2.830000000000002219e-03 3.383589159966504667e-07 3.628483130798769007e-03
2.840000000000002245e-03 3.432842845541017596e-07 3.556608209350983762e-03
2.850000000000002271e-03 3.478711221305275103e-07 3.485720785611060892e-03
2.860000000000002297e-03 3.405751272111956496e-07 3.412740126491714283e-03
2.870000000000002324e-03 3.378853250524116447e-07 3.342010519254308681e-03
2.880000000000002350e-03 3.399008505766687449e-07 3.268447067648404952e-03
2.890000000000002376e-03 3.432842845541017596e-07 3.195316144845215811e-03
2.900000000000002402e-03 3.450873862220760202e-07 3.118748706351268021e-03
2.910000000000002428e-03 3.424431440635089530e-07 3.040777099910441181e-03
2.920000000000002455e-03 3.582482008823717479e-07 2.963010222523933604e-03
2.930000000000002481e-03 3.523514635617175372e-07 2.889012087060519214e-03
2.940000000000002507e-03 3.450873862220760202e-07 2.811805929938023408e-03
2.950000000000002533e-03 3.411286115806433372e-07 2.735867914996983896e-03
2.960000000000002560e-03 3.405445738735579653e-07 2.657519637055509153e-03
2.970000000000002586e-03 3.411896045690809842e-07 2.579930962254804727e-03
2.980000000000002612e-03 3.497026455079321750e-07 2.503025635759522152e-03
2.990000000000002638e-03 3.582482008823717479e-07 2.423032544123219882e-03
3.000000000000002665e-03 3.451677912380546331e-07 2.345038411149417707e-03
3.010000000000002691e-03 3.497026455079321750e-07 2.266520560300295042e-03
3.020000000000002717e-03 3.471035654456500197e-07 2.184950572972750148e-03
3.030000000000002743e-03 3.483706620954762911e-07 2.105555381076075049e-03
3.040000000000002769e-03 3.496927263313409640e-07 2.023696201127118607e-03
3.050000000000002796e-03 3.510196791012276663e-07 1.943432590395744591e-03
3.060000000000002822e-03 3.451677912380546331e-07 1.861897419518908922e-03
3.070000000000002848e-03 3.517835978072980652e-07 1.781191916978894186e-03
3.080000000000002874e-03 3.439645581693184795e-07 1.698652947179981948e-03
3.090000000000002901e-03 3.268079922236211132e-07 1.613834690805583064e-03
3.100000000000002927e-03 3.300418427443219116e-07 1.529567963483749720e-03
3.110000000000002953e-03 3.366612020272441441e-07 1.443563816610039276e-03
3.120000000000002979e-03 3.431528909914050018e-07 1.356402198580846253e-03
3.130000000000003006e-03 3.398191665837657638e-07 1.270449912273300189e-03
3.140000000000003032e-03 3.424836734211567091e-07 1.184873984576155113e-03
3.150000000000003058e-03 3.497621605674794409e-07 1.097463637571957596e-03
3.160000000000003084e-03 3.504347887428593822e-07 1.012683212635995082e-03
3.170000000000003110e-03 3.477514098904066486e-07 9.253018009506509736e-04
3.180000000000003137e-03 3.503555774386768462e-07 8.393395109017151752e-04
3.190000000000003163e-03 3.543581499343417818e-07 7.521924484265774978e-04
3.200000000000003189e-03 3.608920167152973590e-07 6.634287788976662862e-04
3.210000000000003215e-03 3.701043453929742100e-07 5.739837196679895047e-04
3.220000000000003242e-03 3.701231037211982766e-07 4.844355589289250810e-04
3.230000000000003268e-03 3.622593283125752350e-07 3.912319098077258702e-04
3.240000000000003294e-03 3.727943749254336581e-07 3.007129999518353271e-04
3.250000000000003320e-03 3.702168385188997490e-07 2.109657624875653254e-04
3.260000000000003346e-03 3.820375695795519277e-07 1.192640700368149183e-04
3.270000000000003373e-03 3.938118311452853959e-07 2.693203749271361072e-05
3.280000000000003399e-03 3.846260767659259727e-07 6.356288084127035122e-05
3.290000000000003425e-03 3.806592303590150550e-07 1.561624757668391740e-04
3.300000000000003451e-03 3.740903764537506504e-07 2.469182002717029722e-04
3.310000000000003478e-03 3.595677071643876843e-07 3.413109995790954360e-04
3.320000000000003504e-03 3.609688974393066019e-07 4.337217681855859734e-04
3.330000000000003530e-03 3.613531589508056641e-07 5.266126729324015123e-04
3.340000000000003556e-03 3.691234553571121069e-07 6.216088831237123443e-04
3.350000000000003583e-03 3.771384911033237586e-07 7.163264268220239988e-04
3.360000000000003609e-03 3.757606634735566331e-07 8.117541359715264989e-04
3.370000000000003635e-03 3.732594109351339284e-07 9.051467860369782469e-04
3.380000000000003661e-03 3.802351784543134272e-07 1.002687654101123245e-03
3.390000000000003687e-03 3.904274876731506083e-07 1.100935485020533653e-03
3.400000000000003714e-03 3.956882608235900989e-07 1.198330765306023036e-03
3.410000000000003740e-03 3.956882608235900989e-07 1.292203888078096103e-03
3.420000000000003766e-03 3.970755813043069793e-07 1.388299821340315812e-03
3.430000000000003792e-03 3.943048625387746142e-07 1.485170241225271378e-03
3.440000000000003819e-03 3.907472603259520838e-07 1.583774302436670141e-03
3.450000000000003845e-03 3.907472603259520838e-07 1.682607112423092129e-03
3.460000000000003871e-03 3.925588316633366048e-07 1.783897684933118035e-03
3.470000000000003897e-03 3.883068018240010133e-07 1.883043195255963784e-03
3.480000000000003924e-03 3.911377461918164045e-07 1.982770525636216863e-03
3.490000000000003950e-03 3.844681941700400785e-07 2.083267262396463256e-03
3.500000000000003976e-03 3.721749521901074331e-07 2.184044869723214457e-03
3.510000000000004002e-03 3.707786788709199755e-07 2.281806872664336565e-03
3.520000000000004028e-03 3.721749521901074331e-07 2.382059062573651294e-03
3.530000000000004055e-03 3.634640677319112001e-07 2.480830429955903620e-03
3.540000000000004081e-03 3.606275242873380193e-07 2.584254920186700513e-03
3.550000000000004107e-03 3.467723104222386610e-07 2.685261135879708078e-03
3.560000000000004133e-03 3.406400708172441227e-07 2.785886251563144886e-03
3.570000000000004160e-03 3.473321328328893287e-07 2.888825242233368593e-03
3.580000000000004186e-03 3.324965121009881841e-07 2.990018592756502405e-03
3.590000000000004212e-03 3.400896275707054883e-07 3.093450458305578143e-03
3.600000000000004238e-03 3.348464190366939874e-07 3.196303677189318241e-03
3.610000000000004265e-03 3.220599182895966806e-07 3.299691460975675162e-03
3.620000000000004291e-03 3.267283545937971212e-07 3.404877365658004907e-03
3.630000000000004317e-03 3.291194445864675799e-07 3.508429085327724895e-03
3.640000000000004343e-03 3.224475051410991000e-07 3.611621704331189914e-03
3.650000000000004369e-03 3.297881505659461254e-07 3.716497828992432022e-03
3.660000000000004396e-03 3.192684516761801206e-07 3.818936748963309112e-03
3.670000000000004422e-03 3.217581365788646508e-07 3.924746399151468612e-03
3.680000000000004448e-03 3.192684516761801206e-07 4.030777910318155202e-03
3.690000000000004474e-03 3.270202455496473704e-07 4.136614323690793182e-03
3.700000000000004501e-03 3.234627001802437007e-07 4.244101924488061749e-03
3.710000000000004527e-03 3.143624098811415024e-07 4.351542362780096672e-03
3.720000000000004553e-03 3.143624098811415024e-07 4.458626853410594185e-03
3.730000000000004579e-03 3.076974905980023323e-07 4.564610117750984505e-03
3.740000000000004605e-03 3.119471898571646307e-07 4.672782344355268583e-03
3.750000000000004632e-03 3.276985296452039620e-07 4.781543465632876952e-03
3.760000000000004658e-03 3.372210812813136727e-07 4.889846558608556756e-03
3.770000000000004684e-03 3.386532796412211610e-07 4.998035112361297848e-03
3.780000000000004710e-03 3.372210812813136727e-07 5.107260714389366858e-03
3.790000000000004737e-03 3.386532796412211610e-07 5.217081051835933264e-03
3.800000000000004763e-03 3.424684678066114429e-07 5.326887557921661763e-03
3.810000000000004789e-03 3.444231708726874785e-07 5.435493056579760417e-03
3.820000000000004815e-03 3.572590401290653972e-07 5.545628763865905787e-03
3.830000000000004842e-03 3.653824194316257490e-07 5.655843316402882001e-03
3.840000000000004868e-03 3.636501730852614855e-07 5.766477170044651858e-03
3.850000000000004894e-03 3.747760501937591471e-07 5.877630924654402532e-03
3.860000000000004920e-03 3.688790002343012020e-07 5.988545552943509188e-03
3.870000000000004946e-03 3.688790002343012020e-07 6.103407078974636656e-03
3.880000000000004973e-03 3.725290298461914062e-07 6.215698204391254325e-03
3.890000000000004999e-03 3.695555506055825390e-07 6.328027660593394180e-03
3.900000000000005025e-03 3.613723720263806172e-07 6.439863804946635052e-03
3.910000000000004618e-03 3.741089358300087042e-07 6.553167656008209926e-03
3.920000000000004210e-03 3.770464900298975408e-07 6.665704206420546181e-03
3.930000000000003803e-03 3.747760501937591471e-07 6.778687035338872707e-03
3.940000000000003395e-03 3.621012751864327583e-07 6.892510062685404740e-03
3.950000000000002988e-03 3.673143851301574614e-07 7.006277838472870986e-03
3.960000000000002580e-03 3.695555506055825390e-07 7.121022518348416562e-03
3.970000000000002173e-03 3.568898137018550187e-07 7.234236670904336218e-03
3.980000000000001766e-03 3.621012751864327583e-07 7.348557546785714281e-03
3.990000000000001358e-03 3.598908051571925171e-07 7.461376892967026310e-03
4.000000000000000951e-03 3.546859943526214920e-07 7.576033792879306727e-03
4.009999999999999676e-03 3.629052400810905965e-07 7.690414918167042847e-03
4.019999999999999268e-03 3.616602555212011794e-07 7.806062088620201352e-03
4.029999999999998861e-03 3.657620482044876553e-07 7.920873864281417417e-03
4.039999999999998453e-03 3.595628754737845156e-07 8.037019907853307568e-03
4.049999999999998046e-03 3.555457226411817828e-07 8.155757752376435049e-03
4.059999999999997639e-03 3.637836982761655236e-07 8.272794907404564663e-03
4.069999999999997231e-03 3.607381415804411517e-07 8.390489697944545147e-03
4.079999999999996824e-03 3.577054599190887529e-07 8.509124876598861062e-03
4.089999999999996416e-03 3.534120764925319236e-07 8.628146139904376011e-03
4.099999999999996009e-03 3.564812800505023915e-07 8.746065112617133416e-03
4.109999999999995601e-03 3.564812800505023915e-07 8.863384976177985861e-03
4.119999999999995194e-03 3.616602555212011794e-07 8.979884802312425307e-03
4.129999999999994786e-03 3.750906785171537194e-07 9.099696950404559739e-03
4.139999999999994379e-03 3.802716719292220660e-07 9.220756598852823324e-03
4.149999999999993971e-03 3.637836982761655236e-07 9.341243160398001247e-03
4.159999999999993564e-03 3.760883089398703305e-07 9.460850898661729916e-03
4.169999999999993157e-03 3.741645571153640049e-07 9.582297440296360172e-03
4.179999999999992749e-03 3.781674138281232445e-07 9.703869228236820452e-03
4.189999999999992342e-03 3.791935512253985507e-07 9.824524790164358701e-03
4.199999999999991934e-03 3.874660023939213715e-07 9.947763815727928005e-03
4.209999999999991527e-03 3.874660023939213715e-07 1.006733034587281583e-02
4.219999999999991119e-03 3.926251110897283070e-07 1.018854061591274035e-02
4.229999999999990712e-03 3.957408694077457767e-07 1.030913574213611003e-02
4.239999999999990304e-03 3.905874166321154917e-07 1.043303422629275092e-02
4.249999999999989897e-03 3.957408694077457767e-07 1.055627912388542797e-02
4.259999999999989490e-03 3.937192900593800005e-07 1.067886183882264459e-02
4.269999999999989082e-03 3.961089021231600782e-07 1.080012600951920157e-02
4.279999999999988675e-03 3.929254148715699557e-07 1.092217721090162942e-02
4.289999999999988267e-03 3.890922641858196585e-07 1.104785033660341670e-02
4.299999999999987860e-03 3.987626939760957612e-07 1.117341563313664458e-02
4.309999999999987452e-03 3.923068447875266429e-07 1.129651795797019867e-02
4.319999999999987045e-03 3.955304066494136350e-07 1.142042856177039566e-02
4.329999999999986637e-03 3.923068447875266429e-07 1.154627209861501698e-02
4.339999999999986230e-03 3.878061249906750163e-07 1.167079387275208463e-02
4.349999999999985822e-03 3.929254148715699557e-07 1.179625303371759082e-02
4.359999999999985415e-03 3.955304066494136350e-07 1.192161272212299145e-02
4.369999999999985008e-03 3.987626939760957612e-07 1.204715884671787515e-02
4.379999999999984600e-03 4.025037867450009799e-07 1.217269501308510839e-02
4.389999999999984193e-03 4.076087236626335653e-07 1.229988723222235660e-02
4.399999999999983785e-03 4.140270846164639806e-07 1.242798325664494150e-02
4.409999999999983378e-03 4.095278711702121655e-07 1.255569770394294668e-02
4.419999999999982970e-03 4.044128161240223562e-07 1.268207380636806811e-02
4.429999999999982563e-03 4.044128161240223562e-07 1.281015099463618870e-02
4.439999999999982155e-03 4.025037867450009799e-07 1.293555253066819982e-02
4.449999999999981748e-03 4.038462009248178219e-07 1.306463854882798648e-02
4.459999999999981340e-03 4.020035362373164389e-07 1.319324598589696751e-02
4.469999999999980933e-03 4.020035362373164389e-07 1.331977350474072494e-02
4.479999999999980526e-03 4.006202800610481063e-07 1.344861440635498721e-02
4.489999999999980118e-03 4.016754360236518551e-07 1.357478745528016215e-02
4.499999999999979711e-03 3.966340784700150834e-07 1.370572621872777168e-02
4.509999999999979303e-03 4.034508265249314718e-07 1.383598085931583843e-02
4.519999999999978896e-03 4.016754360236518551e-07 1.396645165828147225e-02
4.529999999999978488e-03 4.082551186002092436e-07 1.409628967902323143e-02
4.539999999999978081e-03 4.049614972245763056e-07 1.422555064396221688e-02
4.549999999999977673e-03 4.115560727768752258e-07 1.435836405968401661e-02
4.559999999999977266e-03 4.100020021269301651e-07 1.448938587672066181e-02
4.569999999999976859e-03 4.034508265249314718e-07 1.462106628911603173e-02
4.579999999999976451e-03 4.150481629494606750e-07 1.475318149944268575e-02
4.589999999999976044e-03 4.216166189507930540e-07 1.488330197465445939e-02
4.599999999999975636e-03 4.249117750987352338e-07 1.501426596369827456e-02
4.609999999999975229e-03 4.299443503441580106e-07 1.514441763414658450e-02
4.619999999999974821e-03 4.233739616665843641e-07 1.527690047275365171e-02
4.629999999999974414e-03 4.168331884102371987e-07 1.541041483982792323e-02
4.639999999999974006e-03 4.249117750987352338e-07 1.554310126096295624e-02
4.649999999999973599e-03 4.216166189507930540e-07 1.567663923349068775e-02
4.659999999999973191e-03 4.282139798306161538e-07 1.580873978792950857e-02
4.669999999999972784e-03 4.331601246576610720e-07 1.594392853154090114e-02
4.679999999999972377e-03 4.365429902009054786e-07 1.607814783969360381e-02
4.689999999999971969e-03 4.431686591033212608e-07 1.621536158265081060e-02
4.699999999999971562e-03 4.382721385809418280e-07 1.635118847778513004e-02
4.709999999999971154e-03 4.365429902009054786e-07 1.648570509616809759e-02
4.719999999999970747e-03 4.365429902009054786e-07 1.662126904114507100e-02
4.729999999999970339e-03 4.382721385809418280e-07 1.675628935720472126e-02
4.739999999999969932e-03 4.466000120828539366e-07 1.689055273920692449e-02
4.749999999999969524e-03 4.381612939141632523e-07 1.702482898430097980e-02
4.759999999999969117e-03 4.331601246576610720e-07 1.716109503597327418e-02
4.769999999999968709e-03 4.364952985724812606e-07 1.729528692256668276e-02
4.779999999999968302e-03 4.315230626161792316e-07 1.743228815459371001e-02
4.789999999999967895e-03 4.332402170348359505e-07 1.757083519836622962e-02
4.799999999999967487e-03 4.365429902009054786e-07 1.770737325427770154e-02
4.809999999999967080e-03 4.332402170348359505e-07 1.784638212429384002e-02
4.819999999999966672e-03 4.298313456274627242e-07 1.798332161958854369e-02
4.829999999999966265e-03 4.299443503441580106e-07 1.812208432887987830e-02
4.839999999999965857e-03 4.431686591033212608e-07 1.825934952850460924e-02
4.849999999999965450e-03 4.365429902009054786e-07 1.839775605529814922e-02
4.859999999999965042e-03 4.381612939141632523e-07 1.853657242557859783e-02
4.869999999999964635e-03 4.315230626161792316e-07 1.867458786078361743e-02
4.879999999999964228e-03 4.148642176460271003e-07 1.881278802060715183e-02
4.889999999999963820e-03 4.198354304207896348e-07 1.895248141678035000e-02
4.899999999999963413e-03 4.281653502857807325e-07 1.909227349291942738e-02
4.909999999999963005e-03 4.265091320121427998e-07 1.923083431629562037e-02
4.919999999999962598e-03 4.348388813468773151e-07 1.937104423393842118e-02
4.929999999999962190e-03 4.298797762203321327e-07 1.951234407287278164e-02
4.939999999999961783e-03 4.249117750987352338e-07 1.965273538789222979e-02
4.949999999999961375e-03 4.165834184277628083e-07 1.979186834006757545e-02
4.959999999999960968e-03 4.181959809557156404e-07 1.993132803060626568e-02
4.969999999999960560e-03 4.231772265939071076e-07 2.007500131014950187e-02
4.979999999999960153e-03 4.364952985724812606e-07 2.021897274752810364e-02
4.989999999999959746e-03 4.364952985724812606e-07 2.036108688486420321e-02
4.999999999999959338e-03 4.315069759286416229e-07 2.049808497865382786e-02
5.009999999999958931e-03 4.366065695649012923e-07 2.063803291421743499e-02
5.019999999999958523e-03 4.399787201236904366e-07 2.077972814844109006e-02
5.029999999999958116e-03 4.350303299816005165e-07 2.092164599595259383e-02
5.039999999999957708e-03 4.316516992730612401e-07 2.106425340679600813e-02
5.049999999999957301e-03 4.267043323125108145e-07 2.120608530157927149e-02
5.059999999999956893e-03 4.399787201236904366e-07 2.134884766758689267e-02
5.069999999999956486e-03 4.350303299816005165e-07 2.149057890396886134e-02
5.079999999999956078e-03 4.298797762203321327e-07 2.163481329903318290e-02
5.089999999999955671e-03 4.366065695649012923e-07 2.177775693906281590e-02
5.099999999999955264e-03 4.467398184715420939e-07 2.192040594821869845e-02
5.109999999999954856e-03 4.451994755072519183e-07 2.206441755769816479e-02
5.119999999999954449e-03 4.465378538043296430e-07 2.220851684340710216e-02
5.129999999999954041e-03 4.282787813281174749e-07 2.235315896417327045e-02
5.139999999999953634e-03 4.231772265939071076e-07 2.249754183282574524e-02
5.149999999999953226e-03 4.181959809557156404e-07 2.264240130875178059e-02
5.159999999999952819e-03 4.215507942717522383e-07 2.278750270207831330e-02
5.169999999999952411e-03 4.181793826774082845e-07 2.293461094458141766e-02
5.179999999999952004e-03 4.181793826774082845e-07 2.308066630118308510e-02
5.189999999999951596e-03 4.265091320121427998e-07 2.322707916583596072e-02
5.199999999999951189e-03 4.282139798306161538e-07 2.337181509947014110e-02
5.209999999999950782e-03 4.316999024922552053e-07 2.351726503352840128e-02
5.219999999999950374e-03 4.299443503441580106e-07 2.366364453350747535e-02
5.229999999999949967e-03 4.316999024922552053e-07 2.381094773860560621e-02
5.239999999999949559e-03 4.400260138481826289e-07 2.395716709688359286e-02
5.249999999999949152e-03 4.287969375127431704e-07 2.410399118285556572e-02
5.259999999999948744e-03 4.325349323153204750e-07 2.425128792084598958e-02
5.269999999999948337e-03 4.436068365976097994e-07 2.439841590116854225e-02
5.279999999999947929e-03 4.454331872238981305e-07 2.454352625202481028e-02
5.289999999999947522e-03 4.454331872238981305e-07 2.469142277044229089e-02
5.299999999999947115e-03 4.555985810839047190e-07 2.484135058616185332e-02
5.309999999999946707e-03 4.574680758651084034e-07 2.498747609368506123e-02
5.319999999999946300e-03 4.472831278690136969e-07 2.513583725229102603e-02
5.329999999999945892e-03 4.491563174724433338e-07 2.528367178536176235e-02
5.339999999999945485e-03 4.427456872235779883e-07 2.543263947966392657e-02
5.349999999999945077e-03 4.344397837030555820e-07 2.558164237812005429e-02
5.359999999999944670e-03 4.261347896772349486e-07 2.573048877882387273e-02
5.369999999999944262e-03 4.389682146666018525e-07 2.587782298625154048e-02
5.379999999999943855e-03 4.300250395772309275e-07 2.602740430388701329e-02
5.389999999999943447e-03 4.320052084949566051e-07 2.617576876686983356e-02
5.399999999999943040e-03 4.320052084949566051e-07 2.632515623262676047e-02
5.409999999999942633e-03 4.363681114227802027e-07 2.647348014188668358e-02
5.419999999999942225e-03 4.446692400961183012e-07 2.662365478661966184e-02
5.429999999999941818e-03 4.537519942005019402e-07 2.677228911113695847e-02
5.439999999999941410e-03 4.519285425885755103e-07 2.692258474257656214e-02
5.449999999999941003e-03 4.472831278690136969e-07 2.707454237472877237e-02
5.459999999999940595e-03 4.549127083919302095e-07 2.722464262911844513e-02
5.469999999999940188e-03 4.485843589918658836e-07 2.737433347127580033e-02
5.479999999999939780e-03 4.443101886408840073e-07 2.752534202456568407e-02
5.489999999999939373e-03 4.402940021464019082e-07 2.767546580081111512e-02
5.499999999999938965e-03 4.510525002388021676e-07 2.782757067324369282e-02
5.509999999999938558e-03 4.446692400961183012e-07 2.797911299969435550e-02
5.519999999999938151e-03 4.446692400961183012e-07 2.813119114265951251e-02
5.529999999999937743e-03 4.446692400961183012e-07 2.828373503279885473e-02
5.539999999999937336e-03 4.427456872235779883e-07 2.843629916875583738e-02
5.549999999999936928e-03 4.383196312574000331e-07 2.858996652128908966e-02
5.559999999999936521e-03 4.446692400961183012e-07 2.874277699973004294e-02
5.569999999999936113e-03 4.529713919509958941e-07 2.889662335774514229e-02
5.579999999999935706e-03 4.529713919509958941e-07 2.904754831104259735e-02
5.589999999999935298e-03 4.549127083919302095e-07 2.920256184521461199e-02
5.599999999999934891e-03 4.632110517377441283e-07 2.935699538910550507e-02
5.609999999999934484e-03 4.568761369228013791e-07 2.951115547319545229e-02
5.619999999999934076e-03 4.608682502293959260e-07 2.966339632922565875e-02
5.629999999999933669e-03 4.649454865557345329e-07 2.981864448397598261e-02
5.639999999999933261e-03 4.732145271191257052e-07 2.997201247480211703e-02
5.649999999999932854e-03 4.732145271191257052e-07 3.012649313282837055e-02
5.659999999999932446e-03 4.897588041785638779e-07 3.028229526988850118e-02
5.669999999999932039e-03 4.918088620797789190e-07 3.043842635931199442e-02
5.679999999999931631e-03 4.940049507240473758e-07 3.059275968364180698e-02
5.689999999999931224e-03 5.003135470360575709e-07 3.074773054617864140e-02
5.699999999999930816e-03 5.003135470360575709e-07 3.090291503700950612e-02
5.709999999999930409e-03 5.086078544991323724e-07 3.105700567969923304e-02
5.719999999999930002e-03 5.175338628760073334e-07 3.121367380134381850e-02
5.729999999999929594e-03 5.213277063376153819e-07 3.137143422546901511e-02
5.739999999999929187e-03 5.092214223623159342e-07 3.152762525466550753e-02
5.749999999999928779e-03 5.138200549481553026e-07 3.168347399881060733e-02
5.759999999999928372e-03 5.213277063376153819e-07 3.183918684894158913e-02
5.769999999999927964e-03 5.296335530147189274e-07 3.199535383081333895e-02
5.779999999999927557e-03 5.232541298028081656e-07 3.215226456993031806e-02
5.789999999999927149e-03 5.213277063376153819e-07 3.230914044349517816e-02
5.799999999999926742e-03 5.213277063376153819e-07 3.246680979611379914e-02
5.809999999999926334e-03 5.149531716597266495e-07 3.262514600586817470e-02
5.819999999999925927e-03 5.277304921946779359e-07 3.278040345432967767e-02
5.829999999999925520e-03 5.341603923625370953e-07 3.293661248540524084e-02
5.839999999999925112e-03 5.406164973464910872e-07 3.309353031799246170e-02
5.849999999999924705e-03 5.322995093592908233e-07 3.325310443985333292e-02
5.859999999999924297e-03 5.341603923625370953e-07 3.341195052097638979e-02
5.869999999999923890e-03 5.424744244919565972e-07 3.356897277597644530e-02
5.879999999999923482e-03 5.322995093592908233e-07 3.372794508983528033e-02
5.889999999999923075e-03 5.406164973464910872e-07 3.388581893277260032e-02
5.899999999999922667e-03 5.341603923625370953e-07 3.404500104091310458e-02
5.909999999999922260e-03 5.277304921946779359e-07 3.420476514162747866e-02
5.919999999999921853e-03 5.387779538068571128e-07 3.436493780129177417e-02
5.929999999999921445e-03 5.194208938519295771e-07 3.452821373494290719e-02
5.939999999999921038e-03 5.221390324550156947e-07 3.468829664943009344e-02
5.949999999999920630e-03 5.232939201960107312e-07 3.484797506609358525e-02
5.959999999999920223e-03 5.382109975471394137e-07 3.500752023320241602e-02
5.969999999999919815e-03 5.448229103421908803e-07 3.516720037446443431e-02
5.979999999999919408e-03 5.149666435499966610e-07 3.532941276836100430e-02
5.989999999999919000e-03 5.281642074805859011e-07 3.549094385439247740e-02
5.999999999999918593e-03 5.198348844714928418e-07 3.565267322257980459e-02
6.009999999999999717e-03 1.418670535713317804e-06 3.739305295405118829e-02
6.019999999999999310e-03 1.410208142260671593e-06 3.754754210082839744e-02
6.029999999999998903e-03 1.397659161739284173e-06 3.770189230279388792e-02
6.039999999999998495e-03 1.404587578690552618e-06 3.785646632489280544e-02
6.049999999999998088e-03 1.396188963553868234e-06 3.800837764717651668e-02
6.059999999999997680e-03 1.394075070493272506e-06 3.816303671751116594e-02
6.069999999999997273e-03 1.401130134581762832e-06 3.831584795410093724e-02
6.079999999999996865e-03 1.396188963553868234e-06 3.847165124711458134e-02
6.089999999999996458e-03 1.416085751770879142e-06 3.862765027883903468e-02
6.099999999999996050e-03 1.418372221451136284e-06 3.878286782438910424e-02
6.109999999999995643e-03 1.405560510647774208e-06 3.894190090962149076e-02
6.119999999999995235e-03 1.412901951880485285e-06 3.910011304079478306e-02
6.129999999999994828e-03 1.417980797668860760e-06 3.925596118453703737e-02
6.139999999999994421e-03 1.407449985890707467e-06 3.941353049923605051e-02
6.149999999999994013e-03 1.396919287799391896e-06 3.957213968027089440e-02
6.159999999999993606e-03 1.391843397868797183e-06 3.973072958499430929e-02
6.169999999999993198e-03 1.391484488522110041e-06 3.988758612456203001e-02
6.179999999999992791e-03 1.391484488522110041e-06 4.004624541909071467e-02
6.189999999999992383e-03 1.388514192512957379e-06 4.020250911249577397e-02
6.199999999999991976e-03 1.385827999911271036e-06 4.036096256075896033e-02
6.209999999999991568e-03 1.409307401445403229e-06 4.051738032287265784e-02
6.219999999999991161e-03 1.419883005837618839e-06 4.067566080354266533e-02
6.229999999999990754e-03 1.411958692187909037e-06 4.083778402683886644e-02
6.239999999999990346e-03 1.420019884790235665e-06 4.099879972116874521e-02
6.249999999999989939e-03 1.417275939274986740e-06 4.115839361997307433e-02
6.259999999999989531e-03 1.406739897902298253e-06 4.131773424244886833e-02
6.269999999999989124e-03 1.404137947247363627e-06 4.147890182419618904e-02
6.279999999999988716e-03 1.398810582031728700e-06 4.164155392864518634e-02
6.289999999999988309e-03 1.401422309754707385e-06 4.180273762421798239e-02
6.299999999999987901e-03 1.404315867148397956e-06 4.196444994448272903e-02
6.309999999999987494e-03 1.388274313285364769e-06 4.212800038026617844e-02
6.319999999999987086e-03 1.396203856529609766e-06 4.229027764710645981e-02
6.329999999999986679e-03 1.388414261782600079e-06 4.245348334727839373e-02
6.339999999999986272e-03 1.380470166623126715e-06 4.261719424548052193e-02
6.349999999999985864e-03 1.377738044539000839e-06 4.278034294708148860e-02
6.359999999999985457e-03 1.372530618937162217e-06 4.294043296925282444e-02
6.369999999999985049e-03 1.364758418276323937e-06 4.310411934274486351e-02
6.379999999999984642e-03 1.367871618640492670e-06 4.326678617394763560e-02
6.389999999999984234e-03 1.376261593577510212e-06 4.342928821490962821e-02
6.399999999999983827e-03 1.373319037156761624e-06 4.359165234703653302e-02
6.409999999999983419e-03 1.375858232677273918e-06 4.375691920538989782e-02
6.419999999999983012e-03 1.392282115375564899e-06 4.391973944001831970e-02
6.429999999999982604e-03 1.386788994750531856e-06 4.408641092999254080e-02
6.439999999999982197e-03 1.395294020767323673e-06 4.425088992915416491e-02
6.449999999999981790e-03 1.390312036164687015e-06 4.441405277117683320e-02
6.459999999999981382e-03 1.390930833622405771e-06 4.457930998940889955e-02
6.469999999999980975e-03 1.382880782330175862e-06 4.474582511938064028e-02
6.479999999999980567e-03 1.386013309456757270e-06 4.491121803547566682e-02
6.489999999999980160e-03 1.378679598929011263e-06 4.507553520584277329e-02
6.499999999999979752e-03 1.370608174511289690e-06 4.524028620062109374e-02
6.509999999999979345e-03 1.368170842397375964e-06 4.540832963814291079e-02
6.519999999999978937e-03 1.364987269880657550e-06 4.557520923120245843e-02
6.529999999999978530e-03 1.356926418338844087e-06 4.574102653433503168e-02
6.539999999999978123e-03 1.358480062663147692e-06 4.590499540660857025e-02
6.549999999999977715e-03 1.356072175440203864e-06 4.607113929082923970e-02
6.559999999999977308e-03 1.356072175440203864e-06 4.623712055453582659e-02
6.569999999999976900e-03 1.362728312415129039e-06 4.640351288103630040e-02
6.579999999999976493e-03 1.362728312415129039e-06 4.657135171407658647e-02
6.589999999999976085e-03 1.371898520119430032e-06 4.673862971004699024e-02
6.599999999999975678e-03 1.377692683490749914e-06 4.690445023844012212e-02
6.609999999999975270e-03 1.378966430820582900e-06 4.707271749137541955e-02
6.619999999999974863e-03 1.381178662995807827e-06 4.723928916631695701e-02
6.629999999999974455e-03 1.390566580994345713e-06 4.740806517078261645e-02
6.639999999999974048e-03 1.394159767187375110e-06 4.757672115221155129e-02
6.649999999999973641e-03 1.391883301948837470e-06 4.774425176273883881e-02
6.659999999999973233e-03 1.387349357173661701e-06 4.791181938854878475e-02
6.669999999999972826e-03 1.385091763950185850e-06 4.808101056434391923e-02
6.679999999999972418e-03 1.385091763950185850e-06 4.824908440982275670e-02
6.689999999999972011e-03 1.388788973599730525e-06 4.841758502963804806e-02
6.699999999999971603e-03 1.385091763950185850e-06 4.858692389919384846e-02
6.709999999999971196e-03 1.388788973599730525e-06 4.875666838692691712e-02
6.719999999999970788e-03 1.396303218825778458e-06 4.892614716928353480e-02
6.729999999999970381e-03 1.394099967910733540e-06 4.909525523643423067e-02
6.739999999999969973e-03 1.382102823299646843e-06 4.926673511600106886e-02
6.749999999999969566e-03 1.383688413625350222e-06 4.943534065702603203e-02
6.759999999999969159e-03 1.377677676828170661e-06 4.960834397790701150e-02
6.769999999999968751e-03 1.377677676828170661e-06 4.977930109402255859e-02
6.779999999999968344e-03 1.363476599181012716e-06 4.994940423466021073e-02
6.789999999999967936e-03 1.360684905193920713e-06 5.012012047688662458e-02
6.799999999999967529e-03 1.354167352474178188e-06 5.029040458218964060e-02
6.809999999999967121e-03 1.358091822112328373e-06 5.046212918957460741e-02
6.819999999999966714e-03 1.353813786408863962e-06 5.063341848352716917e-02
6.829999999999966306e-03 1.345572627542424016e-06 5.080707522661694758e-02
6.839999999999965899e-03 1.353593347630521748e-06 5.097917163427315157e-02
6.849999999999965491e-03 1.351495029666693881e-06 5.114964911332828962e-02
6.859999999999965084e-03 1.355580934614408761e-06 5.132357074628120935e-02
6.869999999999964677e-03 1.370035988657036796e-06 5.149501513173563444e-02
6.879999999999964269e-03 1.380414801133156288e-06 5.166607209273019891e-02
6.889999999999963862e-03 1.359705493086948991e-06 5.184225710866143672e-02
6.899999999999963454e-03 1.367973027299740352e-06 5.201739229624751520e-02
6.909999999999963047e-03 1.363868364023801405e-06 5.219255827311684859e-02
6.919999999999962639e-03 1.355596282337501179e-06 5.236598907445239731e-02
6.929999999999962232e-03 1.368069433738128282e-06 5.253923049616685687e-02
6.939999999999961824e-03 1.366044216410955414e-06 5.271245214029539328e-02
6.949999999999961417e-03 1.370299287373200059e-06 5.288820092167060422e-02
6.959999999999961010e-03 1.372606448057922535e-06 5.306239487509889496e-02
6.969999999999960602e-03 1.368657649436499923e-06 5.323802811122899797e-02
6.979999999999960195e-03 1.366694277749047615e-06 5.341171703181236963e-02
6.989999999999959787e-03 1.367217009828891605e-06 5.358700136020972532e-02
6.999999999999959380e-03 1.358914232696406543e-06 5.376070025609715197e-02
7.009999999999958972e-03 1.352547201349807438e-06 5.393779661734020986e-02
7.019999999999958565e-03 1.354490109406469855e-06 5.411439462604818174e-02
7.029999999999958157e-03 1.343776830253773369e-06 5.428839224998081858e-02
7.039999999999957750e-03 1.346191311313305050e-06 5.446421824380550530e-02
7.049999999999957342e-03 1.337892740593815688e-06 5.463940612463331903e-02
7.059999999999956935e-03 1.342309474239300471e-06 5.481404061816949613e-02
7.069999999999956528e-03 1.319347234129963908e-06 5.498949714589385779e-02
7.079999999999956120e-03 1.323773403782979585e-06 5.516587863968726996e-02
7.089999999999955713e-03 1.338457991550967563e-06 5.534099998243968005e-02
7.099999999999955305e-03 1.332076521975977812e-06 5.551541116321088293e-02
7.109999999999954898e-03 1.323773403782979585e-06 5.569347719527367041e-02
7.119999999999954490e-03 1.330152940681728069e-06 5.587279422415268593e-02
7.129999999999954083e-03 1.339157620350306388e-06 5.604923974999249936e-02
7.139999999999953675e-03 1.335400952484633308e-06 5.622553691398975845e-02
7.149999999999953268e-03 1.346459271189814899e-06 5.640246622820720146e-02
7.159999999999952860e-03 1.355785570922307670e-06 5.657873081631776407e-02
7.169999999999952453e-03 1.357601263407559600e-06 5.675629145781865836e-02
7.179999999999952046e-03 1.346459271189814899e-06 5.693339379264593381e-02
7.189999999999951638e-03 1.344618226539751049e-06 5.711110093502774071e-02
7.199999999999951231e-03 1.356624693471530918e-06 5.728986463508007471e-02
7.209999999999950823e-03 1.350164666291675530e-06 5.746716897920575023e-02
7.219999999999950416e-03 1.339991626991832163e-06 5.764425337220919349e-02
7.229999999999950008e-03 1.328963094238133635e-06 5.782326833181623826e-02
7.239999999999949601e-03 1.334465309810184408e-06 5.800250069623478361e-02
7.249999999999949193e-03 1.335530896540149115e-06 5.817898190573216749e-02
7.259999999999948786e-03 1.348601358586165588e-06 5.835591247124024411e-02
7.269999999999948379e-03 1.351623382106481586e-06 5.853466458954124929e-02
7.279999999999947971e-03 1.366526703350245953e-06 5.871367171547391822e-02
7.289999999999947564e-03 1.376604359393240884e-06 5.889429403392138634e-02
7.299999999999947156e-03 1.381439915348892100e-06 5.907446797968388813e-02
7.309999999999946749e-03 1.386308667861158028e-06 5.925352140134748646e-02
7.319999999999946341e-03 1.394637479279481340e-06 5.943326789757040485e-02
7.329999999999945934e-03 1.406167598361207638e-06 5.961261297420904215e-02
7.339999999999945526e-03 1.399539542035199702e-06 5.979296596894429633e-02
7.349999999999945119e-03 1.404474005539668724e-06 5.997299562621335317e-02
7.359999999999944711e-03 1.414438315805455204e-06 6.015270961150285395e-02
7.369999999999944304e-03 1.406246497026586439e-06 6.033265329760918033e-02
7.379999999999943897e-03 1.406246497026586439e-06 6.051287617987899381e-02
7.389999999999943489e-03 1.411354105584905483e-06 6.069483459037430112e-02
7.399999999999943082e-03 1.411354105584905483e-06 6.087485174802211019e-02
7.409999999999942674e-03 1.397917344547749963e-06 6.105546761433910952e-02
7.419999999999942267e-03 1.401427311975567136e-06 6.123495417001090929e-02
7.429999999999941859e-03 1.391509385939571075e-06 6.141545563598706237e-02
7.439999999999941452e-03 1.388354235132283065e-06 6.159658919008623862e-02
7.449999999999941044e-03 1.386788994750531856e-06 6.177893396394475850e-02
7.459999999999940637e-03 1.385232053507934324e-06 6.196120261262641482e-02
7.469999999999940229e-03 1.386788994750531856e-06 6.214397887058675102e-02
7.479999999999939822e-03 1.359787120236433111e-06 6.232874489514575456e-02
7.489999999999939415e-03 1.356271695840405300e-06 6.251192388777339348e-02
7.499999999999939007e-03 1.347942657048406545e-06 6.269486664925662256e-02
7.509999999999938600e-03 1.338001652584352996e-06 6.287719981133937930e-02
7.519999999999938192e-03 1.336398213425127324e-06 6.305914990772161499e-02
7.529999999999937785e-03 1.322955426985572558e-06 6.324107247485734329e-02
7.539999999999937377e-03 1.329672954852867406e-06 6.342216266977129813e-02
7.549999999999936970e-03 1.334803300778730772e-06 6.360423567835525593e-02
7.559999999999936562e-03 1.339965706392831635e-06 6.378849646003187379e-02
7.569999999999936155e-03 1.328508687947760336e-06 6.397058173279014659e-02
7.579999999999935748e-03 1.338395804850733839e-06 6.415308737622923974e-02
7.589999999999935340e-03 1.331638827650749590e-06 6.433705023706952353e-02
7.599999999999934933e-03 1.358709937449020799e-06 6.452160879729081089e-02
7.609999999999934525e-03 1.372287897538626567e-06 6.470626314716164396e-02
7.619999999999934118e-03 1.372287897538626567e-06 6.489122530443856840e-02
7.629999999999933710e-03 1.376064915348251816e-06 6.507508976430168013e-02
7.639999999999933303e-03 1.389713020216731820e-06 6.525870149117360408e-02
7.649999999999932895e-03 1.398031486132822465e-06 6.544489870993400182e-02
7.659999999999932488e-03 1.384385200253746007e-06 6.563020943227071413e-02
7.669999999999932080e-03 1.367744744129595347e-06 6.581539546179762667e-02
7.679999999999931673e-03 1.360929672955535352e-06 6.600000458961008398e-02
7.689999999999931266e-03 1.381394667987478897e-06 6.618324855690511932e-02
7.699999999999930858e-03 1.376064915348251816e-06 6.636879029304887379e-02
7.709999999999930451e-03 1.398031486132822465e-06 6.655501333658063456e-02
7.719999999999930043e-03 1.409346737091254909e-06 6.673910539624021421e-02
7.729999999999929636e-03 1.414668872712354641e-06 6.692525316990352580e-02
7.739999999999929228e-03 1.429817643838759977e-06 6.711015631965346062e-02
7.749999999999928821e-03 1.416164082002069335e-06 6.729697965568476326e-02
7.759999999999928413e-03 1.417667476744099986e-06 6.748405830500539548e-02
7.769999999999928006e-03 1.424484025847050361e-06 6.766981030193865154e-02
7.779999999999927598e-03 1.422226887370925397e-06 6.785774427521602814e-02
7.789999999999927191e-03 1.422226887370925397e-06 6.804493509296778708e-02
7.799999999999926784e-03 1.415438759977405425e-06 6.823120776325082570e-02
7.809999999999926376e-03 1.420698936271946877e-06 6.841819089820846966e-02
7.819999999999925969e-03 1.422226887370925397e-06 6.860719251129980545e-02
7.829999999999925561e-03 1.435822809980891179e-06 6.879555329699123256e-02
7.839999999999925154e-03 1.437344280930119567e-06 6.898326652025782435e-02
7.849999999999924746e-03 1.434309297110303305e-06 6.916916632907439688e-02
7.859999999999924339e-03 1.447945123800309375e-06 6.935622066826423182e-02
7.869999999999923931e-03 1.423762910235382151e-06 6.954331784181914944e-02
7.879999999999923524e-03 1.420698936271946877e-06 6.973015584137161327e-02
7.889999999999923117e-03 1.405580178470700048e-06 6.991622584824656872e-02
7.899999999999922709e-03 1.423762910235382151e-06 7.010447396806493425e-02
7.909999999999922302e-03 1.417667476744099986e-06 7.029201493982434323e-02
7.919999999999921894e-03 1.444970962438674178e-06 7.048208436693180479e-02
7.929999999999921487e-03 1.429817643838759977e-06 7.066999451281980038e-02
7.939999999999921079e-03 1.428336759090598207e-06 7.086014980985293199e-02
7.949999999999920672e-03 1.442028974452114198e-06 7.105079705319562733e-02
7.959999999999920264e-03 1.440570258637308143e-06 7.123871283093949347e-02
7.969999999999919857e-03 1.442028974452114198e-06 7.142972154098214954e-02
7.979999999999919449e-03 1.452863216400146484e-06 7.161895782021006351e-02
7.989999999999919042e-03 1.437677269677806180e-06 7.180678204678153653e-02
7.999999999999918635e-03 1.452863216400146484e-06 7.199470721171627452e-02
8.009999999999999759e-03 1.504505462435190566e-06 7.316376594411662382e-02
8.019999999999999352e-03 1.513738197900238447e-06 7.330069543236851504e-02
8.029999999999998944e-03 1.526700998510932550e-06 7.343726175981389603e-02
8.039999999999998537e-03 1.541500637358694803e-06 7.357398758708945385e-02
8.049999999999998129e-03 1.546996031720482279e-06 7.371099547125931073e-02
8.059999999999997722e-03 1.562069769533991348e-06 7.384887897919983901e-02
8.069999999999997314e-03 1.580506818754656706e-06 7.398676486681229902e-02
8.079999999999996907e-03 1.597415575815830380e-06 7.412611746242619981e-02
8.089999999999996499e-03 1.599707502464298159e-06 7.426559589592909849e-02
8.099999999999996092e-03 1.618101578060304746e-06 7.440637911719798214e-02
8.109999999999995685e-03 1.629140570003073663e-06 7.454795835748613542e-02
8.119999999999995277e-03 1.638873754927772097e-06 7.468744155582889011e-02
8.129999999999994870e-03 1.645047859710757621e-06 7.483007422989447488e-02
8.139999999999994462e-03 1.659728695813100785e-06 7.497222985075682744e-02
8.149999999999994055e-03 1.666000457589689177e-06 7.511335230903387616e-02
8.159999999999993647e-03 1.680663331171672326e-06 7.525757279928881049e-02
8.169999999999993240e-03 1.685429310782637913e-06 7.540093028798243446e-02
8.179999999999992832e-03 1.692774503680993803e-06 7.554521387247177533e-02
8.189999999999992425e-03 1.707467617961810902e-06 7.568813940602663048e-02
8.199999999999992017e-03 1.719777401376632042e-06 7.583206419002411214e-02
8.209999999999991610e-03 1.733189037622651085e-06 7.597845955728796397e-02
8.219999999999991203e-03 1.746696398186031729e-06 7.612473443918010840e-02
8.229999999999990795e-03 1.765052616065077018e-06 7.626977348143110236e-02
8.239999999999990388e-03 1.768724473549809773e-06 7.641466661358284340e-02
8.249999999999989980e-03 1.776068984327139333e-06 7.656149912914110567e-02
8.259999999999989573e-03 1.777307033989927731e-06 7.670807508285147625e-02
8.269999999999989165e-03 1.782297431418555789e-06 7.685535721532450737e-02
8.279999999999988758e-03 1.793300725694280118e-06 7.700176556699929453e-02
8.289999999999988350e-03 1.806950081117975060e-06 7.714913898253986102e-02
8.299999999999987943e-03 1.817029215089860372e-06 7.729875832574846506e-02
8.309999999999987536e-03 1.834511635934177320e-06 7.744719956976078845e-02
8.319999999999987128e-03 1.844771077230689116e-06 7.759650704733454807e-02
8.329999999999986721e-03 1.858292648648784962e-06 7.774645968395337003e-02
8.339999999999986313e-03 1.869204993454331998e-06 7.789669563046827672e-02
8.349999999999985906e-03 1.887399093902786262e-06 7.804634782593787568e-02
8.359999999999985498e-03 1.904672785713046324e-06 7.819345493434423644e-02
8.369999999999985091e-03 1.919070655276300386e-06 7.834298520893059892e-02
8.379999999999984683e-03 1.919258465932216495e-06 7.849311856429427858e-02
8.389999999999984276e-03 1.937509068739018403e-06 7.864206340827982478e-02
8.399999999999983868e-03 1.941459004228818230e-06 7.879258689153668949e-02
8.409999999999983461e-03 1.945047415574663319e-06 7.894248863511406367e-02
8.419999999999983054e-03 1.956823780346894637e-06 7.909449917897395932e-02
8.429999999999982646e-03 1.964641342055983841e-06 7.924675499010903901e-02
8.439999999999982239e-03 1.961074303835630417e-06 7.939901607373230086e-02
8.449999999999981831e-03 1.976988869500928558e-06 7.954873309227451783e-02
8.459999999999981424e-03 1.984093842111178674e-06 7.970213257822851560e-02
8.469999999999981016e-03 1.987647465284680948e-06 7.985436029145616399e-02
8.479999999999980609e-03 1.991201543205534108e-06 8.000663946797326176e-02
8.489999999999980201e-03 2.007402599701890722e-06 8.016119430165219439e-02
8.499999999999979794e-03 2.022695525738527067e-06 8.031430689501561915e-02
8.509999999999979386e-03 2.036834530372289009e-06 8.046619458379020151e-02
8.519999999999978979e-03 2.048628630291204900e-06 8.062008889278911294e-02
8.529999999999978572e-03 2.061873374259448610e-06 8.077549823783441996e-02
8.539999999999978164e-03 2.065386979666072875e-06 8.092940276854132531e-02
8.549999999999977757e-03 2.065386979666072875e-06 8.108603043288152568e-02
8.559999999999977349e-03 2.073886207654140890e-06 8.124164423308449789e-02
8.569999999999976942e-03 2.077392991850501858e-06 8.139765562402460908e-02
8.579999999999976534e-03 2.082463879560236819e-06 8.155268934023460203e-02
8.589999999999976127e-03 2.087628899971605279e-06 8.170752430219901941e-02
8.599999999999975719e-03 2.094610408676089719e-06 8.186295939130273924e-02
8.609999999999975312e-03 2.098102640957222320e-06 8.202034215255475658e-02
8.619999999999974905e-03 2.103334736602846533e-06 8.217713461624803761e-02
8.629999999999974497e-03 2.110303739755181596e-06 8.233407470831613506e-02
8.639999999999974090e-03 2.122565774698159657e-06 8.249165184112706994e-02
8.649999999999973682e-03 2.133004500137758441e-06 8.264798368908947424e-02
8.659999999999973275e-03 2.147267196050961502e-06 8.280584297248749781e-02
8.669999999999972867e-03 2.150731688743690029e-06 8.296310917027800713e-02
8.679999999999972460e-03 2.154197318304795772e-06 8.312063647908918274e-02
8.689999999999972052e-03 2.157663629986927845e-06 8.328143615420666168e-02
8.699999999999971645e-03 2.166620561183663085e-06 8.344346425810433843e-02
8.709999999999971237e-03 2.173539996874751523e-06 8.360331993036573817e-02
8.719999999999970830e-03 2.184748609579401091e-06 8.376280489273592311e-02
8.729999999999970423e-03 2.203155645474907942e-06 8.392418595551122407e-02
8.739999999999970015e-03 2.203155645474907942e-06 8.408622804428557418e-02
8.749999999999969608e-03 2.214276946688187309e-06 8.424825350700929083e-02
8.759999999999969200e-03 2.223823685199022293e-06 8.440901242295593965e-02
8.769999999999968793e-03 2.230602831332362257e-06 8.457115491331451684e-02
8.779999999999968385e-03 2.230602831332362257e-06 8.473203857446424958e-02
8.789999999999967978e-03 2.239739160359022208e-06 8.489463363595128875e-02
8.799999999999967570e-03 2.227212689831503667e-06 8.505538309901271299e-02
8.809999999999967163e-03 2.230055315521894954e-06 8.521676229536219449e-02
8.819999999999966755e-03 2.239739160359022208e-06 8.537856683891097143e-02
8.829999999999966348e-03 2.246482836198993027e-06 8.554169025063036724e-02
8.839999999999965941e-03 2.243580638605635613e-06 8.570402396834055081e-02
8.849999999999965533e-03 2.266311867060721852e-06 8.586959175116339049e-02
8.859999999999965126e-03 2.275859742439934053e-06 8.603406331710473920e-02
8.869999999999964718e-03 2.282435843881103210e-06 8.619690361759184405e-02
8.879999999999964311e-03 2.285774598931311630e-06 8.636103236187768484e-02
8.889999999999963903e-03 2.299140987815917470e-06 8.652432685668298706e-02
8.899999999999963496e-03 2.312814331162371673e-06 8.668806687813658540e-02
8.909999999999963088e-03 2.313186314495396800e-06 8.685333285851372376e-02
8.919999999999962681e-03 2.326788944628788158e-06 8.701651031902726818e-02
8.929999999999962274e-03 2.337158775844727643e-06 8.718014101510304648e-02
8.939999999999961866e-03 2.341059598620631732e-06 8.734552871116041395e-02
8.949999999999961459e-03 2.337799969609477557e-06 8.751055345559952126e-02
8.959999999999961051e-03 2.337799969609477557e-06 8.767523394991333374e-02
8.969999999999960644e-03 2.348304406041279435e-06 8.783984064782381085e-02
8.979999999999960236e-03 2.354807747906306759e-06 8.800625622604599241e-02
8.989999999999959829e-03 2.358061692575574853e-06 8.817215895151750416e-02
8.999999999999959421e-03 2.362104396524955519e-06 8.833755116247402062e-02
9.009999999999959014e-03 2.363008889005868696e-06 8.850203138362383593e-02
9.019999999999958606e-03 2.363008889005868696e-06 8.866759804567009295e-02
9.029999999999958199e-03 2.369471985730342567e-06 8.883212116854913298e-02
9.039999999999957792e-03 2.358862047913135029e-06 8.899897338981870021e-02
9.049999999999957384e-03 2.367248271184507757e-06 8.916616580039267437e-02
9.059999999999956977e-03 2.370467427681433037e-06 8.933450756060436204e-02
9.069999999999956569e-03 2.380133992119226605e-06 8.950248372505321959e-02
9.079999999999956162e-03 2.383359060331713408e-06 8.966952792641627590e-02
9.089999999999955754e-03 2.383359060331713408e-06 8.983670774487846622e-02
9.099999999999955347e-03 2.389813744230195880e-06 9.000306650635564454e-02
9.109999999999954939e-03 2.400500761723378673e-06 9.016972437104671390e-02
9.119999999999954532e-03 2.406944076938088983e-06 9.033670749118975773e-02
9.129999999999954124e-03 2.411238483546185307e-06 9.050365366343975093e-02
9.139999999999953717e-03 2.426476839900715277e-06 9.067189423175980867e-02
9.149999999999953310e-03 2.418823896732646972e-06 9.084081432704743664e-02
9.159999999999952902e-03 2.412424009889946319e-06 9.101041367023122997e-02
9.169999999999952495e-03 2.426476839900715277e-06 9.117777158883992594e-02
9.179999999999952087e-03 2.432862629575538449e-06 9.134773775194707235e-02
9.189999999999951680e-03 2.434197085676714778e-06 9.151577995417643774e-02
9.199999999999951272e-03 2.434197085676714778e-06 9.168573256172136976e-02
9.209999999999950865e-03 2.434197085676714778e-06 9.185445600124886312e-02
9.219999999999950457e-03 2.437379180264542811e-06 9.202301972725109025e-02
9.229999999999950050e-03 2.440562639094423503e-06 9.219122562611931082e-02
9.239999999999949643e-03 2.440562639094423503e-06 9.236032846277149322e-02
9.249999999999949235e-03 2.437379180264542811e-06 9.252933481485157985e-02
9.259999999999948828e-03 2.443747916913707741e-06 9.269865244595770770e-02
9.269999999999948420e-03 2.451504315104102716e-06 9.286855048331062179e-02
9.279999999999948013e-03 2.464059207341051660e-06 9.303938866183006362e-02
9.289999999999947605e-03 2.459326424286700785e-06 9.320909874426272501e-02
9.299999999999947198e-03 2.460905989210004918e-06 9.338102204054241073e-02
9.309999999999946790e-03 2.465736997692147270e-06 9.355323342042545787e-02
9.319999999999946383e-03 2.478774149494711310e-06 9.372465425816939311e-02
9.329999999999945975e-03 2.490065980964573100e-06 9.389536423739383575e-02
9.339999999999945568e-03 2.509687419660622254e-06 9.406599297734484499e-02
9.349999999999945161e-03 2.518034534659818746e-06 9.423845225598269371e-02
9.359999999999944753e-03 2.521116130083100870e-06 9.440997013918320246e-02
9.369999999999944346e-03 2.543434902690933086e-06 9.458310884828741161e-02
9.379999999999943938e-03 2.549538749008206651e-06 9.475490483276453879e-02
9.389999999999943531e-03 2.541033154557226226e-06 9.492615354976979836e-02
9.399999999999943123e-03 2.552593286964111030e-06 9.509876313381082635e-02
9.409999999999942716e-03 2.561147312007960863e-06 9.527071329968364588e-02
9.419999999999942308e-03 2.584481762823997997e-06 9.544277081049191980e-02
9.429999999999941901e-03 2.584481762823997997e-06 9.561510217670173006e-02
9.439999999999941493e-03 2.601949290692573413e-06 9.578974504245015009e-02
9.449999999999941086e-03 2.607969236123608425e-06 9.596305373893282420e-02
9.459999999999940679e-03 2.602250560812535696e-06 9.613575619376474313e-02
9.469999999999940271e-03 2.617013024064362980e-06 9.630923342379749119e-02
9.479999999999939864e-03 2.628788251968217082e-06 9.648138004989630090e-02
9.489999999999939456e-03 2.626073410283424892e-06 9.665619743224437843e-02
9.499999999999939049e-03 2.629097025419468991e-06 9.682999686578651344e-02
9.509999999999938641e-03 2.629097025419468991e-06 9.700441662785327934e-02
9.519999999999938234e-03 2.635149940033443272e-06 9.717954054676591902e-02
9.529999999999937826e-03 2.655943944773753174e-06 9.735463534842243860e-02
9.539999999999937419e-03 2.658970061020227149e-06 9.752769883361403491e-02
9.549999999999937011e-03 2.655943944773753174e-06 9.770252345075075562e-02
9.559999999999936604e-03 2.667682338142185472e-06 9.787795611290317499e-02
9.569999999999936197e-03 2.667682338142185472e-06 9.805395754795291630e-02
9.579999999999935789e-03 2.676449412319925614e-06 9.822931245955689172e-02
9.589999999999935382e-03 2.676449412319925614e-06 9.840508623886420891e-02
9.599999999999934974e-03 2.685479557840153575e-06 9.858063667341016023e-02
9.609999999999934567e-03 2.679457566046039574e-06 9.875765618085899367e-02
9.619999999999934159e-03 2.688493168534478173e-06 9.893504983043101275e-02
9.629999999999933752e-03 2.682467766135232523e-06 9.911316120246486949e-02
9.639999999999933344e-03 2.679457566046039574e-06 9.929122660908430709e-02
9.649999999999932937e-03 2.670700496310018934e-06 9.946832171821613777e-02
9.659999999999932530e-03 2.682467766135232523e-06 9.964312582970298593e-02
9.669999999999932122e-03 2.685479557840153575e-06 9.982167831177468642e-02
9.679999999999931715e-03 2.691508598218206316e-06 1.000012284166846843e-01
9.689999999999931307e-03 2.694525846891338006e-06 1.001801016772118913e-01
9.699999999999930900e-03 2.697274794627446681e-06 1.003599705297932437e-01
9.709999999999930492e-03 2.697274794627446681e-06 1.005385672956183168e-01
9.719999999999930085e-03 2.697274794627446681e-06 1.007170708254103431e-01
9.729999999999929677e-03 2.691508598218206316e-06 1.008963151660357827e-01
9.739999999999929270e-03 2.671092943273833953e-06 1.010744024658252610e-01
9.749999999999928862e-03 2.679765657376265153e-06 1.012544356176365429e-01
9.759999999999928455e-03 2.679765657376265153e-06 1.014339010631399723e-01
9.769999999999928048e-03 2.694270961001166143e-06 1.016144073057017733e-01
9.779999999999927640e-03 2.694270961001166143e-06 1.017948950532426844e-01
9.789999999999927233e-03 2.706050963752204552e-06 1.019742017186882066e-01
9.799999999999926825e-03 2.709031605263589881e-06 1.021530933697423621e-01
9.809999999999926418e-03 2.709031605263589881e-06 1.023338964165145387e-01
9.819999999999926010e-03 2.720964403124526143e-06 1.025159998265639943e-01
9.829999999999925603e-03 2.717991719691781327e-06 1.026960649740270154e-01
9.839999999999925195e-03 2.741975549724884331e-06 1.028769328054284504e-01
9.849999999999924788e-03 2.763153588603017852e-06 1.030585598147241294e-01
9.859999999999924380e-03 2.775741222649230622e-06 1.032392386270266915e-01
9.869999999999923973e-03 2.775741222649230622e-06 1.034205099110547532e-01
9.879999999999923566e-03 2.782140882118255831e-06 1.036029945610073000e-01
9.889999999999923158e-03 2.763562861218815669e-06 1.037859812575597090e-01
9.899999999999922751e-03 2.766486431937664747e-06 1.039670684929929756e-01
9.909999999999922343e-03 2.775741222649230622e-06 1.041496283248112137e-01
9.919999999999921936e-03 2.766486431937664747e-06 1.043332604325280522e-01
9.929999999999921528e-03 2.779238911898573861e-06 1.045153351508064515e-01
9.939999999999921121e-03 2.795149612211389467e-06 1.046990025054270884e-01
9.949999999999920713e-03 2.789394329738570377e-06 1.048818158101066794e-01
9.959999999999920306e-03 2.796025910356547683e-06 1.050670921583601314e-01
9.969999999999919899e-03 2.793163048409041949e-06 1.052496827995150208e-01
9.979999999999919491e-03 2.802725703077157959e-06 1.054318792378278191e-01
9.989999999999919084e-03 2.790302005450939760e-06 1.056146549633378562e-01
